0,226,174,144,111,42,216,64,99
1,248,223,247,135,59,183,117,101
2,176,178,230,102,53,186,81,82
3,213,176,193,98,35,198,117,84
4,158,188,185,136,42,179,56,121
5,177,160,174,125,50,202,77,94
6,213,141,208,153,33,193,119,138
7,211,165,199,117,88,210,104,127
8,230,159,218,119,24,209,71,110
9,239,221,182,116,5,210,87,90
10,237,160,207,77,58,205,65,113
11,233,202,161,121,46,185,27,154
12,223,140,152,78,81,174,81,120
13,190,159,179,110,16,239,94,137
14,221,191,175,114,38,147,65,113
15,235,187,154,125,79,170,54,117
16,214,156,168,70,59,253,28,108
17,218,159,206,81,91,179,87,95
18,210,174,195,75,61,241,68,89
19,238,168,224,121,5,233,86,143
20,203,170,191,133,37,227,39,148
21,251,142,169,147,44,179,71,94
22,231,155,219,136,43,185,56,138
23,245,192,191,137,80,192,61,141
24,212,109,184,107,31,251,49,115
25,200,183,149,135,30,215,86,115
26,221,213,184,106,85,218,79,118
27,251,182,205,132,19,175,57,67
28,212,183,188,124,49,207,62,130
29,177,181,225,147,35,141,9,107
30,223,147,178,121,49,202,110,134
31,221,180,195,88,25,204,72,95
32,240,179,206,113,43,210,99,73
33,215,236,164,96,11,201,84,132
34,229,194,214,134,50,202,81,95
35,240,209,168,104,26,248,49,115
36,232,194,195,90,20,180,71,106
37,216,166,156,109,76,215,75,116
38,245,149,174,102,68,210,108,118
39,172,162,217,103,29,213,105,126
40,229,160,235,98,81,164,80,106
41,220,126,209,139,64,242,83,81
42,204,175,253,112,48,201,69,117
43,220,127,183,101,37,213,67,96
44,218,181,188,88,43,216,128,66
45,208,198,218,107,84,190,90,130
46,214,149,185,112,41,212,41,100
47,171,171,196,91,56,253,73,123
48,235,189,194,119,10,202,32,146
49,210,179,190,139,47,166,58,133
50,210,162,214,98,28,229,54,99
51,246,138,193,97,35,125,51,148
52,235,166,186,140,28,177,33,131
53,214,128,167,119,68,187,20,97
54,183,146,200,114,65,183,114,136
55,226,115,242,152,82,187,82,91
56,232,181,216,134,57,164,55,131
57,201,144,176,126,16,202,32,112
58,191,222,211,94,37,190,48,131
59,244,219,192,93,87,183,43,67
60,229,181,146,134,74,183,70,94
61,200,174,201,96,81,186,84,152
62,237,148,186,107,43,169,38,95
63,223,129,190,131,41,192,79,147
64,203,171,229,114,60,211,69,99
65,253,167,210,86,59,193,74,150
66,211,180,222,100,29,228,89,124
67,211,177,237,81,80,171,79,118
68,199,173,170,94,39,156,43,133
69,243,157,210,136,28,202,75,111
70,249,179,166,108,28,194,71,135
71,244,141,172,108,61,204,74,104
72,224,180,219,90,76,220,73,126
73,225,166,175,183,25,178,29,131
74,197,185,230,134,23,180,63,130
75,223,224,205,145,40,199,57,123
76,225,160,172,84,32,181,72,130
77,219,194,208,132,36,245,46,143
78,201,168,240,131,42,158,25,154
79,231,180,231,98,20,213,101,101
80,247,150,141,97,46,191,75,119
81,213,251,183,105,42,202,53,64
82,250,176,210,87,71,129,36,103
83,223,195,146,114,11,209,123,120
84,221,168,183,135,52,183,65,129
85,241,160,217,142,70,197,62,132
86,215,203,189,106,30,189,82,124
87,208,211,195,104,24,163,112,67
88,223,200,174,106,19,199,82,133
89,232,205,179,111,36,250,51,113
90,255,125,194,158,38,183,57,177
91,199,188,174,120,47,174,111,90
92,234,187,156,158,24,212,79,27
93,215,167,199,76,58,147,106,142
94,177,183,191,123,40,238,85,117
95,216,150,184,71,26,236,74,108
96,179,151,158,107,52,204,110,92
97,239,163,181,87,76,254,77,108
98,235,201,205,110,81,169,50,103
99,199,184,228,133,83,198,26,105
100,220,186,226,116,4,219,50,113
101,238,139,156,78,20,199,67,108
102,199,146,223,99,77,167,71,132
103,254,184,144,98,98,227,102,157
104,180,147,220,66,35,229,79,118
105,223,188,150,88,62,216,94,132
106,220,167,167,142,75,151,51,134
107,205,195,237,147,72,179,109,109
108,196,172,212,99,41,199,96,90
109,202,175,170,65,22,200,21,84
110,243,152,175,98,52,200,68,107
111,222,189,155,166,51,193,59,131
112,228,229,205,78,9,190,53,152
113,221,167,198,106,8,218,50,76
114,208,128,190,141,38,214,59,148
115,223,191,216,116,52,168,76,102
116,205,181,210,152,105,235,59,139
117,199,159,170,81,37,149,53,139
118,191,184,191,111,36,220,24,74
119,217,184,180,163,45,225,67,130
120,248,189,180,132,42,201,108,100
121,166,179,237,116,35,208,109,99
122,154,150,164,104,28,185,102,135
123,205,179,194,141,34,210,104,119
124,239,99,188,93,33,220,64,72
125,230,123,135,105,17,211,81,126
126,183,215,204,99,76,220,62,121
127,251,181,144,82,5,198,71,85
128,232,133,216,133,61,237,102,81
129,214,160,241,132,86,157,96,76
130,232,206,171,81,16,221,122,153
131,246,163,189,96,73,194,127,146
132,202,161,239,135,66,178,92,98
133,215,152,140,131,47,224,53,112
134,224,204,192,86,46,201,54,91
135,236,154,186,157,23,168,64,132
136,195,145,205,96,28,174,48,131
137,233,168,191,122,86,172,94,87
138,242,150,203,111,50,232,70,110
139,251,167,224,157,25,234,130,126
140,230,170,216,125,56,159,54,121
141,252,179,153,103,58,180,24,147
142,228,172,221,74,12,217,89,178
143,188,171,163,119,47,247,56,106
144,239,156,218,120,53,168,50,122
145,206,179,186,117,86,206,66,149
146,203,199,189,149,78,196,28,92
147,170,183,142,149,65,173,104,130
148,254,143,158,81,76,179,84,139
149,233,182,204,102,58,221,71,117
150,227,188,181,131,56,215,65,95
151,220,170,183,139,50,202,15,154
152,237,190,227,90,32,201,69,156
153,238,153,197,109,10,248,66,97
154,188,159,202,112,72,178,105,171
155,223,180,217,69,10,194,84,157
156,220,166,205,126,67,177,74,110
157,222,212,221,147,69,204,83,148
158,224,186,195,137,24,224,61,133
159,232,142,197,111,59,240,83,139
160,217,142,207,84,60,181,69,112
161,187,201,207,148,63,176,102,137
162,231,161,187,145,41,183,67,175
163,231,135,169,122,69,204,38,108
164,226,160,215,80,62,224,95,113
165,224,148,193,90,97,197,42,101
166,233,207,239,145,44,188,47,108
167,210,147,229,105,66,212,56,201
168,224,186,236,109,33,200,70,125
169,245,184,200,142,46,210,79,143
170,211,150,188,142,39,198,53,92
171,241,200,237,169,70,183,54,101
172,244,186,200,114,17,192,86,130
173,247,195,189,101,31,217,48,147
174,219,199,187,127,96,227,68,99
175,206,171,170,82,44,142,87,99
176,218,165,216,98,1,130,37,133
177,200,154,232,113,44,179,80,67
178,231,157,222,106,44,161,72,121
179,212,114,234,121,110,209,27,128
180,252,146,192,51,68,211,60,80
181,216,145,218,105,10,193,89,104
182,241,151,180,137,40,203,64,162
183,226,150,207,121,47,212,74,107
184,221,192,207,130,25,211,41,139
185,216,183,186,106,92,190,65,92
186,223,162,213,161,44,224,91,89
187,254,160,211,111,75,210,77,101
188,239,186,193,120,75,205,76,110
189,205,164,199,86,92,223,90,124
190,219,166,214,113,134,200,96,111
191,231,210,234,171,17,216,63,48
192,208,121,208,78,20,156,62,135
193,252,181,158,123,53,233,75,110
194,207,161,195,131,27,223,68,138
195,186,173,235,142,38,207,99,101
196,247,166,188,132,49,173,112,123
197,228,161,208,121,113,205,88,76
198,209,179,204,122,134,204,34,108
199,212,173,206,53,38,214,74,113
200,240,154,213,159,15,205,98,89
201,208,179,200,65,15,238,47,100
202,238,207,166,94,45,219,73,73
203,237,179,216,154,43,172,16,99
204,232,190,200,79,53,227,66,102
205,255,182,166,127,83,182,90,142
206,218,163,202,126,31,185,54,81
207,216,159,207,85,78,218,67,64
208,172,186,233,142,50,196,15,113
209,216,161,196,127,38,210,82,129
210,236,154,189,170,31,176,101,88
211,228,168,228,110,111,255,106,128
212,228,197,226,95,12,229,66,157
213,251,165,174,93,24,200,88,151
214,232,165,207,149,1,204,88,116
215,222,204,225,101,4,217,26,107
216,242,175,208,111,39,208,33,120
217,211,170,210,98,75,219,65,88
218,234,224,206,100,65,218,43,108
219,207,143,189,121,33,213,82,162
220,204,147,196,70,56,205,51,58
221,255,173,179,121,65,183,43,124
222,218,185,185,126,42,236,88,109
223,202,165,199,107,72,168,84,132
224,219,160,154,168,51,219,24,121
225,196,164,159,66,19,226,78,111
226,254,208,227,88,51,167,115,119
227,216,158,176,116,62,183,73,137
228,217,187,122,32,38,183,76,150
229,240,176,182,133,69,197,80,112
230,221,146,226,101,55,193,111,124
231,207,174,165,95,45,220,90,95
232,224,179,243,193,49,218,79,97
233,247,160,186,139,28,193,74,109
234,208,138,178,102,40,193,87,157
235,198,200,161,149,88,192,109,115
236,209,187,213,125,65,230,74,105
237,237,153,196,115,46,226,91,134
238,191,176,174,106,90,177,81,119
239,179,190,195,160,89,191,66,118
240,200,246,226,138,47,214,113,62
241,221,149,205,124,45,192,49,168
242,248,142,195,86,40,199,45,123
243,248,175,165,92,33,218,59,138
244,184,128,186,102,29,225,69,114
245,252,185,204,137,86,209,107,75
246,211,173,216,118,21,168,125,127
247,246,190,219,102,33,215,89,122
248,240,207,161,144,12,198,100,107
249,220,147,188,96,91,183,108,112
250,28,19,198,78,117,200,148,163
251,6,10,210,98,154,229,251,148
252,12,53,178,100,94,176,175,181
253,72,30,213,115,92,176,179,202
254,60,8,190,130,143,216,239,198
255,106,0,208,84,106,188,238,160
256,34,25,207,53,139,190,220,226
257,6,38,197,117,116,252,173,169
258,41,30,235,49,108,201,158,211
259,63,27,162,74,128,182,207,193
260,35,31,188,92,84,212,192,173
261,26,77,135,113,106,163,206,178
262,39,13,167,77,101,209,190,177
263,37,23,183,140,77,206,186,202
264,39,4,169,138,137,184,241,201
265,57,25,193,102,147,181,232,193
266,35,44,197,101,136,236,204,209
267,79,25,184,88,86,231,208,178
268,44,38,159,95,134,169,191,142
269,54,22,188,92,109,221,168,168
270,31,93,162,116,131,169,170,175
271,46,50,166,154,95,161,209,200
272,4,31,209,129,160,194,208,200
273,6,10,154,147,98,194,222,147
274,77,54,226,72,107,165,231,161
275,23,19,218,113,72,196,239,179
276,3,34,227,103,92,222,212,200
277,25,3,164,114,94,132,189,178
278,31,26,200,94,179,181,155,180
279,35,59,196,112,80,212,218,160
280,83,39,182,114,130,215,240,173
281,36,30,192,105,84,201,213,177
282,28,20,164,122,105,184,165,184
283,74,21,201,102,134,181,212,166
284,43,76,191,127,88,213,254,196
285,64,46,198,119,103,149,203,154
286,43,31,185,81,123,199,204,208
287,39,21,205,122,61,164,186,171
288,66,40,193,97,91,151,211,178
289,74,28,195,135,87,196,214,159
290,24,7,156,132,106,138,223,184
291,60,11,191,113,110,215,217,205
292,63,23,172,112,124,233,218,162
293,43,47,217,105,112,144,228,171
294,39,35,204,86,143,199,190,188
295,59,46,160,167,139,197,227,174
296,10,12,223,106,81,174,177,173
297,38,47,166,101,140,181,224,166
298,28,39,164,76,112,200,204,177
299,42,63,128,92,99,183,214,188
300,47,39,208,137,119,221,189,200
301,56,15,189,123,134,177,181,190
302,20,59,220,87,110,168,194,140
303,99,48,213,51,145,150,246,194
304,30,46,207,89,113,216,204,218
305,29,17,146,110,125,190,218,223
306,23,30,189,100,141,169,238,186
307,29,57,191,96,103,172,196,192
308,12,14,166,63,136,201,231,174
309,54,38,177,93,162,206,254,162
310,37,46,200,118,136,214,148,124
311,53,21,195,92,154,208,213,178
312,53,18,173,116,125,221,187,165
313,26,32,205,130,126,177,209,214
314,27,57,186,81,140,225,220,204
315,25,19,211,117,127,223,203,145
316,66,26,182,105,157,184,208,189
317,29,21,163,125,105,241,195,156
318,33,44,211,65,68,171,199,205
319,22,30,168,128,88,193,218,197
320,54,33,208,106,70,166,231,202
321,29,80,188,120,138,146,216,228
322,26,24,177,119,118,212,232,218
323,72,25,200,79,133,171,210,220
324,28,39,172,131,145,170,221,206
325,45,37,199,120,139,222,248,169
326,39,46,174,115,63,183,221,156
327,12,5,183,105,152,177,206,207
328,84,23,230,106,156,195,151,165
329,45,13,184,112,147,229,231,220
330,22,54,220,134,140,214,212,169
331,32,25,239,63,98,173,224,172
332,64,45,210,125,130,182,203,171
333,35,4,236,137,109,171,196,224
334,9,27,233,44,130,172,170,180
335,54,27,173,126,124,202,224,178
336,43,56,147,102,128,178,210,186
337,72,39,208,119,120,134,194,188
338,4,12,207,111,99,196,187,133
339,17,28,166,120,119,154,214,185
340,49,26,198,90,131,239,188,197
341,10,21,202,49,121,199,195,186
342,9,55,204,101,152,151,203,169
343,29,18,199,97,129,231,198,184
344,34,6,174,68,105,196,224,209
345,33,40,223,131,128,199,179,210
346,36,31,193,128,128,152,248,189
347,38,14,178,92,131,216,223,199
348,69,21,164,109,131,133,200,181
349,65,11,134,134,82,194,226,194
350,5,70,180,104,112,188,241,221
351,42,31,228,104,113,235,214,157
352,59,22,148,106,88,207,181,126
353,13,40,211,97,148,154,197,172
354,77,1,171,109,135,245,180,210
355,82,20,241,93,109,186,195,164
356,23,45,189,64,131,160,203,176
357,60,18,240,114,144,198,208,145
358,42,30,217,141,67,167,224,171
359,45,32,226,77,113,141,225,193
360,44,38,166,117,124,190,229,192
361,18,64,215,92,128,229,172,163
362,46,27,167,125,98,181,188,169
363,16,1,182,124,150,201,198,200
364,58,16,176,79,170,198,186,174
365,79,49,201,73,123,213,240,175
366,24,4,190,93,126,144,245,187
367,26,17,183,108,122,190,199,195
368,42,17,178,70,132,170,198,190
369,59,88,203,72,143,212,222,212
370,11,17,163,108,92,194,211,178
371,44,10,224,148,114,193,210,180
372,33,27,154,94,134,166,207,144
373,45,55,194,107,118,185,195,191
374,27,37,213,121,124,193,171,207
375,17,30,201,135,81,211,220,175
376,54,34,204,71,146,225,219,218
377,11,77,188,114,133,251,158,162
378,62,40,213,98,118,205,194,192
379,55,17,178,95,156,246,234,160
380,29,32,242,114,129,182,215,200
381,11,0,209,134,140,213,236,124
382,57,18,181,87,90,204,197,165
383,47,49,195,122,70,140,218,213
384,21,6,215,99,134,188,197,172
385,2,48,183,132,105,196,203,183
386,65,5,173,82,57,206,245,193
387,79,40,241,118,134,205,236,237
388,40,19,180,71,148,194,157,203
389,6,35,205,114,138,206,249,190
390,46,36,237,59,143,186,210,172
391,63,35,193,96,78,196,227,204
392,45,30,200,113,133,158,183,153
393,52,64,176,77,110,226,213,152
394,32,55,213,122,106,178,250,174
395,31,20,202,121,94,230,227,214
396,56,6,164,128,153,192,193,158
397,23,27,209,96,113,184,164,160
398,62,32,173,114,135,142,218,207
399,24,65,177,63,98,204,251,181
400,64,14,179,95,124,201,175,163
401,58,40,219,99,133,189,180,196
402,54,21,180,95,90,147,227,159
403,51,33,153,99,153,183,193,156
404,25,13,198,78,132,205,230,190
405,27,50,175,74,117,167,222,149
406,27,4,176,109,119,181,213,143
407,34,28,183,146,120,191,190,185
408,77,17,211,119,110,215,210,179
409,31,74,211,98,108,179,220,205
410,30,18,201,81,125,217,234,202
411,106,6,142,72,92,194,216,172
412,47,23,193,59,92,239,230,135
413,98,15,211,162,100,204,176,210
414,21,37,184,77,168,151,229,194
415,29,6,219,122,189,215,185,177
416,85,37,154,85,86,218,180,213
417,5,53,167,63,106,192,217,221
418,37,33,237,130,114,128,185,162
419,48,40,174,78,90,188,195,160
420,37,20,188,136,102,166,237,204
421,43,43,215,133,145,210,195,244
422,29,30,191,123,148,144,231,175
423,30,40,217,101,181,171,212,159
424,26,50,153,115,145,181,213,123
425,14,2,151,113,132,192,213,185
426,27,34,180,128,110,169,215,197
427,52,49,164,113,136,174,182,149
428,35,24,208,102,163,223,226,178
429,24,18,202,100,107,172,221,180
430,41,52,222,131,147,153,242,233
431,60,13,181,110,110,227,220,215
432,86,22,166,113,175,213,230,139
433,52,16,206,104,131,155,213,169
434,43,56,219,86,70,226,210,184
435,46,54,169,80,97,228,192,221
436,52,55,208,96,153,196,189,172
437,42,11,233,59,93,201,206,186
438,41,9,216,107,140,155,215,193
439,64,32,201,67,92,200,206,173
440,55,24,180,83,116,208,236,195
441,82,9,178,164,141,178,211,187
442,24,38,147,132,129,188,161,153
443,47,29,216,139,131,201,228,227
444,45,22,186,149,126,187,214,173
445,19,50,195,120,176,212,200,179
446,41,106,174,161,135,186,191,211
447,17,63,182,130,133,180,216,173
448,134,1,171,152,135,176,201,206
449,87,51,188,119,113,206,212,188
450,67,37,183,90,143,191,233,215
451,40,4,200,98,133,199,222,144
452,46,2,202,115,138,183,200,165
453,31,37,191,93,149,183,203,216
454,63,7,223,111,149,196,233,227
455,65,39,175,85,91,177,178,183
456,62,22,213,110,103,139,151,143
457,86,30,200,78,111,215,183,192
458,21,4,190,106,123,152,206,200
459,32,30,171,117,161,201,197,192
460,1,4,161,123,131,204,220,196
461,41,39,142,142,118,193,231,171
462,8,47,207,117,145,164,217,163
463,39,38,164,114,129,206,176,168
464,89,8,184,105,143,184,209,188
465,22,21,154,86,138,195,212,183
466,67,26,235,122,134,202,215,183
467,34,64,191,105,113,189,193,183
468,71,21,177,104,131,237,215,197
469,88,32,182,96,127,229,203,211
470,33,33,146,102,131,154,207,217
471,48,43,178,84,81,206,219,189
472,47,20,166,111,92,203,251,191
473,25,42,190,110,108,210,255,198
474,79,84,181,111,115,206,229,230
475,45,12,238,99,121,186,239,188
476,67,26,177,135,140,213,198,152
477,2,30,226,112,110,187,196,186
478,57,60,206,92,91,242,228,193
479,39,49,216,148,118,203,229,184
480,9,51,161,118,135,188,215,194
481,45,67,190,76,81,174,248,159
482,7,21,216,78,87,155,236,158
483,18,5,178,104,150,207,209,205
484,16,25,172,92,136,186,207,195
485,32,65,141,94,115,160,173,216
486,75,44,181,132,61,205,224,176
487,40,25,190,92,131,191,226,168
488,54,14,191,75,120,155,204,134
489,71,28,232,76,118,148,244,166
490,40,42,170,84,57,194,215,193
491,67,89,229,87,155,188,202,157
492,34,3,222,120,130,188,189,145
493,14,24,208,86,80,171,197,179
494,75,22,200,126,164,184,194,160
495,53,38,187,153,156,131,189,167
496,62,36,213,62,144,221,228,219
497,68,14,187,116,87,219,226,192
498,33,9,174,104,140,207,179,189
499,24,31,207,95,107,153,241,200
500,247,64,46,212,206,142,74,240
501,247,73,30,174,209,100,25,234
502,158,43,37,213,153,114,63,205
503,251,58,37,166,213,132,65,245
504,207,25,30,198,222,165,81,191
505,226,65,27,193,228,185,49,219
506,214,57,49,220,192,202,52,191
507,227,101,28,143,205,156,74,242
508,214,68,20,211,231,125,52,245
509,238,44,66,91,214,144,43,212
510,218,34,40,213,202,142,84,213
511,243,32,52,219,238,129,88,214
512,220,74,49,219,238,156,26,231
513,241,24,61,179,231,127,74,203
514,212,30,25,206,169,119,103,243
515,223,50,30,220,147,143,62,214
516,234,13,51,244,219,160,30,222
517,253,59,48,144,182,145,73,246
518,222,46,45,198,198,171,75,237
519,233,27,71,183,228,168,43,229
520,250,48,62,194,198,165,68,222
521,218,24,38,163,204,114,66,234
522,197,48,60,181,175,171,95,189
523,233,30,36,191,170,125,34,223
524,248,24,75,191,236,133,43,197
525,245,46,26,171,164,129,79,167
526,203,32,49,185,211,144,68,235
527,207,76,18,216,155,169,97,205
528,253,79,62,199,219,167,12,236
529,245,83,64,193,182,120,31,208
530,240,50,41,179,213,202,86,248
531,237,46,61,140,214,176,64,242
532,223,39,58,188,202,136,82,222
533,252,101,71,176,187,128,62,205
534,241,44,14,141,244,174,65,210
535,230,14,31,199,179,122,80,196
536,218,46,56,181,227,189,67,196
537,202,35,39,191,184,144,80,254
538,197,71,63,170,187,154,26,220
539,229,44,64,124,198,179,50,208
540,239,16,50,195,248,127,47,230
541,242,34,2,161,173,120,63,211
542,230,44,74,198,233,205,61,216
543,212,23,29,167,230,121,63,221
544,219,26,36,163,194,137,60,210
545,186,40,44,196,154,193,56,179
546,232,56,82,149,188,165,75,235
547,219,60,7,178,195,148,62,191
548,234,18,78,244,209,153,63,194
549,227,40,37,212,228,124,68,167
550,216,36,50,140,220,196,44,199
551,200,58,23,164,201,155,45,242
552,214,31,60,205,170,72,54,209
553,236,80,55,202,209,177,73,223
554,197,53,55,195,216,148,57,243
555,254,32,42,230,235,135,39,231
556,237,42,29,138,218,158,50,201
557,218,65,40,209,233,147,53,238
558,251,26,81,130,194,158,69,203
559,229,5,67,166,185,143,25,186
560,219,61,39,144,252,142,33,228
561,209,31,59,238,201,157,72,253
562,251,69,22,216,218,177,74,219
563,203,94,36,214,213,167,87,227
564,224,37,31,226,207,134,83,243
565,224,30,26,184,229,152,46,195
566,251,61,79,135,185,153,87,163
567,241,28,87,144,200,179,86,206
568,196,45,52,174,217,131,48,239
569,232,32,64,194,196,99,19,183
570,240,25,70,181,214,183,45,233
571,198,74,37,157,217,158,31,179
572,227,80,39,163,190,162,77,235
573,182,57,34,188,205,151,42,208
574,246,85,38,170,210,168,40,211
575,228,65,21,157,203,166,54,226
576,239,3,92,172,236,132,41,209
577,225,65,28,155,208,142,30,214
578,225,35,19,166,207,110,44,186
579,233,45,55,199,157,98,50,224
580,228,62,66,179,226,113,60,189
581,203,14,38,174,208,127,87,201
582,232,51,105,188,196,143,18,231
583,205,34,19,191,203,122,56,231
584,217,60,44,180,249,135,62,240
585,227,91,41,216,217,150,18,222
586,249,19,42,184,231,128,90,255
587,195,36,47,161,205,124,93,238
588,211,49,78,171,194,121,38,237
589,243,66,25,184,229,182,128,234
590,246,30,87,165,220,141,96,255
591,218,45,51,182,203,184,106,243
592,221,46,68,215,165,144,41,230
593,248,63,68,198,204,173,68,189
594,247,46,58,192,182,184,47,255
595,248,23,108,178,170,221,23,242
596,252,57,97,182,166,148,37,201
597,234,51,61,213,215,126,80,203
598,226,28,67,196,192,165,52,221
599,237,49,37,191,231,169,27,208
600,225,11,94,193,214,161,116,201
601,243,22,53,169,202,114,60,255
602,225,63,53,172,191,180,24,219
603,226,72,40,191,188,159,51,243
604,208,48,92,225,248,169,87,154
605,189,17,38,188,210,130,62,235
606,253,38,24,183,197,168,43,210
607,247,3,3,164,229,141,16,229
608,231,35,51,201,234,133,30,206
609,248,58,28,220,199,218,80,199
610,189,15,34,180,215,156,45,238
611,215,12,29,167,238,173,70,250
612,204,48,85,165,252,208,48,237
613,217,35,26,192,209,141,55,195
614,222,33,31,187,202,170,51,194
615,229,98,39,200,164,163,73,238
616,239,34,47,215,198,131,38,250
617,228,26,45,220,229,147,76,219
618,242,21,21,155,188,153,95,204
619,249,75,5,202,207,137,91,243
620,198,37,74,204,196,124,49,191
621,184,74,35,201,238,117,28,199
622,208,43,14,199,190,143,40,233
623,222,31,75,172,184,190,86,205
624,249,24,70,177,206,125,36,214
625,219,8,34,217,195,150,60,199
626,236,62,55,161,204,156,33,164
627,212,58,37,191,181,132,34,249
628,203,1,54,173,221,129,67,247
629,208,53,63,219,199,134,71,211
630,201,72,41,158,241,159,65,189
631,211,36,74,198,216,138,66,217
632,200,57,55,191,210,107,73,197
633,180,95,3,171,243,155,66,194
634,190,58,43,172,188,142,78,248
635,208,39,7,161,197,189,68,200
636,197,66,53,176,221,132,64,223
637,205,27,87,244,246,125,64,229
638,235,35,35,170,195,173,85,255
639,207,58,57,190,199,116,62,238
640,209,55,38,199,205,163,88,218
641,208,18,73,197,190,115,18,177
642,196,109,37,191,189,159,91,221
643,242,58,68,116,192,124,83,220
644,226,52,12,191,189,150,59,238
645,228,53,35,227,201,178,61,246
646,206,24,52,159,173,156,105,200
647,240,14,53,169,208,189,38,228
648,248,75,97,191,177,109,0,204
649,214,31,75,203,226,141,109,212
650,231,49,79,186,199,151,14,226
651,214,43,40,241,233,190,53,220
652,246,41,12,200,200,119,79,228
653,197,66,53,205,255,147,50,231
654,242,68,60,188,234,153,19,177
655,165,5,39,217,166,193,37,161
656,236,28,25,185,216,142,106,230
657,240,44,38,218,193,134,83,214
658,231,49,24,198,207,107,42,234
659,251,34,72,171,221,166,71,252
660,240,47,97,221,222,160,116,207
661,221,58,57,144,241,160,116,212
662,242,28,42,174,207,156,46,214
663,232,66,64,219,166,187,70,237
664,237,68,33,187,182,164,26,254
665,229,50,78,141,189,146,63,216
666,208,84,11,164,183,127,30,246
667,222,65,33,211,198,161,86,239
668,251,29,87,173,216,152,80,207
669,228,62,50,150,208,146,56,255
670,223,28,4,189,210,175,41,214
671,196,65,9,173,183,114,60,227
672,233,22,94,198,199,130,42,236
673,206,69,63,218,230,149,62,194
674,229,26,44,226,195,157,32,204
675,247,53,30,193,167,107,70,212
676,225,37,37,184,208,148,68,206
677,201,32,8,194,200,170,91,216
678,223,58,53,209,202,154,50,251
679,192,36,68,213,196,160,43,215
680,231,74,81,196,178,175,75,197
681,247,58,82,159,200,106,29,230
682,234,11,36,174,197,117,52,209
683,214,19,77,242,159,143,7,235
684,222,8,72,216,215,170,54,178
685,192,54,22,199,185,140,94,187
686,225,67,65,189,229,138,58,179
687,165,29,69,149,185,147,71,196
688,243,25,64,194,166,157,88,231
689,250,40,77,197,228,100,83,206
690,243,53,94,160,221,159,36,252
691,249,14,41,172,214,140,41,189
692,214,13,26,197,187,145,73,210
693,193,85,51,196,179,180,47,202
694,252,31,45,217,203,170,52,212
695,247,52,42,233,221,140,37,172
696,207,54,62,185,166,136,133,236
697,224,13,59,153,208,139,76,226
698,200,25,57,170,180,152,27,229
699,210,39,36,172,194,144,77,230
700,240,42,67,210,164,131,88,218
701,212,47,89,191,198,136,80,204
702,250,32,43,177,238,165,22,215
703,193,49,84,206,134,138,35,216
704,190,21,35,187,174,113,95,244
705,243,54,69,211,182,156,78,229
706,215,54,106,183,191,151,49,254
707,255,66,70,182,210,183,23,212
708,251,42,44,233,221,184,55,182
709,201,72,76,169,208,168,91,205
710,244,43,38,161,201,162,17,224
711,203,33,40,222,185,139,93,198
712,241,20,41,230,238,145,74,245
713,183,28,53,157,201,140,35,226
714,240,45,44,196,239,118,70,231
715,204,39,96,207,206,160,79,210
716,222,31,39,177,219,130,63,252
717,207,23,41,178,187,174,33,239
718,213,51,68,216,206,165,75,252
719,211,36,39,189,190,102,67,220
720,237,6,1,213,228,127,63,196
721,234,61,70,188,187,146,47,186
722,224,72,38,135,154,146,91,238
723,219,14,41,121,200,201,72,196
724,243,51,57,143,242,145,49,229
725,209,30,42,201,210,159,65,184
726,234,6,30,201,205,133,34,175
727,232,8,7,208,191,136,57,251
728,224,4,57,174,199,165,23,178
729,220,48,59,198,163,148,36,216
730,255,5,25,159,167,185,36,238
731,231,47,24,137,200,190,72,181
732,238,31,46,163,160,138,80,247
733,255,78,68,161,250,119,59,209
734,244,77,41,202,240,185,80,192
735,218,62,51,150,212,152,5,248
736,234,45,31,199,205,156,51,199
737,235,15,48,207,247,185,87,169
738,220,48,48,182,227,188,55,229
739,251,49,65,204,198,133,77,211
740,252,48,60,177,208,142,46,212
741,223,43,76,214,198,125,99,255
742,212,57,26,188,242,120,69,228
743,192,54,53,226,211,118,29,251
744,234,57,80,191,215,144,57,249
745,205,58,58,192,214,149,33,255
746,230,8,61,176,216,147,77,203
747,247,10,41,212,214,87,101,250
748,255,10,36,140,186,99,66,188
749,233,41,71,171,213,163,24,222
750,207,213,184,106,97,180,226,168
751,236,218,213,155,175,169,217,206
752,204,205,239,109,97,196,235,196
753,229,195,210,91,48,201,213,196
754,235,225,183,156,100,221,209,153
755,233,188,190,160,95,195,229,182
756,234,206,218,142,69,202,227,202
757,221,204,199,116,111,232,228,214
758,202,198,174,109,86,201,244,207
759,210,181,223,127,56,164,230,154
760,233,211,219,167,91,211,211,150
761,162,176,156,109,90,189,246,209
762,241,221,196,117,116,198,248,187
763,251,193,226,166,46,220,237,207
764,180,226,230,138,127,175,210,191
765,220,244,246,184,59,188,234,187
766,237,218,209,146,154,204,235,253
767,213,228,237,179,100,178,248,166
768,220,184,192,165,83,191,254,188
769,237,231,189,156,88,185,217,207
770,245,177,185,137,84,228,217,173
771,248,240,180,146,104,206,229,153
772,187,236,225,99,90,211,228,241
773,229,211,186,118,77,182,245,217
774,234,224,218,134,95,183,232,222
775,208,210,223,116,126,159,230,144
776,232,217,207,169,128,215,243,207
777,182,219,247,163,135,184,250,205
778,235,240,222,148,75,204,249,180
779,203,218,205,132,104,188,241,194
780,210,217,196,126,53,206,238,178
781,221,201,244,142,140,195,247,218
782,216,240,218,166,96,178,197,201
783,200,220,230,114,61,157,203,236
784,235,194,232,126,118,206,233,211
785,202,192,225,176,75,196,227,157
786,223,217,196,181,87,165,235,182
787,217,203,201,152,104,208,241,203
788,197,192,222,145,129,184,200,192
789,250,162,191,132,86,196,232,155
790,229,254,239,136,93,170,236,253
791,231,248,174,190,88,187,225,162
792,209,239,223,134,101,185,198,203
793,226,201,237,151,77,205,230,223
794,199,196,185,94,95,240,209,229
795,238,231,177,199,103,194,230,177
796,219,218,252,128,123,212,244,167
797,191,211,227,133,89,189,242,192
798,235,198,206,147,113,208,255,196
799,233,207,216,110,105,217,244,186
800,252,220,171,142,100,183,240,191
801,204,175,244,148,78,220,249,166
802,247,195,206,157,83,201,249,210
803,207,210,223,145,96,175,238,198
804,200,208,199,170,93,230,235,194
805,205,230,170,115,115,206,217,194
806,230,192,187,152,86,222,251,191
807,225,219,221,99,60,203,189,222
808,205,224,205,155,107,187,221,175
809,225,248,225,129,105,221,252,150
810,239,223,205,153,125,155,219,165
811,221,201,215,125,99,135,179,196
812,240,201,178,153,82,198,233,184
813,225,221,176,157,117,213,203,189
814,221,227,220,204,125,193,222,200
815,247,215,197,117,122,190,228,182
816,217,177,220,148,115,208,213,206
817,216,204,218,85,103,143,231,170
818,212,180,205,171,137,183,193,187
819,218,229,208,188,80,200,242,159
820,227,212,220,112,107,207,230,180
821,246,239,237,89,141,169,248,187
822,191,195,184,164,131,193,196,199
823,230,210,209,148,95,174,228,178
824,194,229,201,151,84,196,244,214
825,250,192,176,194,111,218,223,202
826,207,197,166,153,99,168,248,166
827,203,211,228,137,24,219,234,196
828,204,195,201,122,93,164,198,185
829,250,246,224,161,104,198,211,218
830,227,185,181,175,123,177,225,205
831,240,215,189,118,105,248,231,219
832,225,236,231,167,106,178,245,225
833,241,186,217,114,47,212,222,178
834,202,185,216,161,92,192,247,185
835,231,174,198,176,91,192,251,181
836,214,210,189,139,103,175,251,184
837,243,233,175,151,84,166,204,222
838,233,191,184,154,90,248,219,198
839,212,207,244,138,75,224,239,213
840,188,227,224,139,118,226,191,192
841,255,218,219,87,79,233,220,123
842,227,200,234,182,81,231,220,205
843,193,183,222,160,76,190,221,182
844,232,229,182,146,79,184,250,173
845,245,208,215,154,108,200,222,176
846,227,174,226,150,87,195,252,160
847,226,228,212,173,96,239,224,186
848,247,233,168,118,117,221,215,197
849,223,254,217,160,128,185,224,199
850,245,217,208,137,67,180,218,149
851,228,192,219,140,85,173,198,199
852,229,169,224,117,78,239,246,162
853,252,222,174,148,100,215,233,126
854,209,203,216,190,124,174,218,214
855,230,221,243,183,134,219,229,187
856,224,212,173,156,88,177,224,208
857,224,209,216,130,86,193,226,191
858,226,213,227,166,126,214,212,183
859,215,212,183,153,85,194,244,166
860,199,222,191,139,82,208,217,205
861,229,185,209,162,102,203,229,185
862,222,209,235,176,83,198,230,167
863,208,218,192,186,103,187,218,144
864,224,214,187,172,103,194,219,198
865,247,205,211,137,101,211,224,215
866,243,220,205,162,93,226,171,190
867,190,208,194,111,108,201,242,179
868,188,184,190,184,105,206,233,227
869,252,218,192,161,107,201,201,185
870,213,225,213,124,109,253,224,227
871,177,197,243,125,119,207,213,190
872,205,228,187,172,89,215,206,137
873,201,182,234,155,116,196,232,215
874,205,177,228,156,71,244,198,201
875,206,255,201,116,92,197,239,150
876,243,228,221,159,126,179,255,189
877,233,213,181,152,81,159,235,170
878,217,227,226,135,90,198,224,169
879,251,233,209,108,93,177,242,219
880,253,176,254,153,83,166,216,174
881,227,228,228,135,124,201,214,171
882,205,185,222,179,133,160,239,188
883,203,201,147,149,100,178,235,169
884,251,231,254,133,115,206,248,191
885,233,219,191,144,104,171,240,177
886,182,215,222,142,110,194,247,151
887,178,194,242,160,75,220,183,206
888,255,231,216,120,149,226,250,141
889,207,158,230,145,86,192,251,172
890,250,217,175,171,59,239,226,191
891,228,230,193,144,90,182,206,131
892,217,193,223,163,117,179,244,226
893,203,232,196,169,146,233,232,222
894,204,170,232,119,55,223,243,225
895,213,195,173,154,115,193,235,136
896,217,201,187,208,131,179,234,189
897,191,226,201,194,100,227,243,151
898,230,177,244,106,80,213,196,170
899,237,184,201,131,76,188,233,207
900,205,215,210,128,114,198,239,147
901,236,251,221,170,54,197,241,157
902,226,194,222,142,123,208,225,185
903,245,204,221,152,75,160,212,196
904,246,188,183,139,31,227,214,111
905,246,200,192,127,106,157,209,161
906,247,193,225,84,73,241,216,215
907,241,193,217,126,88,167,223,215
908,246,191,248,146,113,224,208,174
909,194,216,225,88,131,179,243,172
910,212,215,223,130,87,248,209,217
911,246,201,218,120,132,208,244,176
912,250,218,159,121,143,207,155,183
913,216,197,212,173,127,185,187,176
914,235,248,221,153,123,191,213,187
915,207,190,180,157,99,188,255,169
916,217,210,189,103,51,233,230,161
917,221,204,194,114,97,224,238,181
918,192,205,236,162,101,211,251,179
919,213,211,244,191,37,223,241,145
920,198,213,210,105,131,214,240,164
921,234,166,212,169,139,203,235,189
922,228,182,225,151,44,203,221,189
923,252,165,206,120,115,150,226,130
924,249,197,223,170,84,212,215,161
925,239,236,206,161,75,244,235,159
926,233,190,242,114,107,154,246,195
927,228,219,191,177,88,172,237,211
928,223,197,226,173,76,188,246,229
929,179,196,185,189,136,222,212,186
930,251,211,208,136,87,169,247,215
931,221,210,215,192,86,174,254,231
932,211,184,147,143,132,222,199,221
933,199,233,176,107,110,189,190,229
934,226,217,172,133,113,206,225,168
935,209,185,176,152,123,183,240,165
936,195,220,235,115,114,176,216,196
937,247,217,233,119,129,209,245,210
938,250,196,235,112,101,206,224,197
939,180,200,217,126,99,193,246,185
940,217,213,215,176,111,213,189,135
941,246,207,235,143,74,210,191,184
942,191,213,229,136,91,196,255,179
943,209,217,202,123,117,223,233,194
944,211,170,174,131,133,193,229,202
945,194,178,203,148,89,177,243,190
946,221,204,221,122,66,193,228,179
947,218,245,189,127,83,174,238,203
948,197,185,197,107,126,228,218,182
949,189,192,227,157,85,184,205,176
950,249,216,195,143,121,178,184,201
951,234,192,195,156,106,196,186,151
952,238,199,195,123,96,211,244,177
953,249,206,185,108,95,235,199,152
954,229,172,225,162,142,199,247,156
955,253,187,211,173,69,204,224,220
956,236,202,197,121,90,172,180,181
957,250,204,214,203,61,224,246,198
958,202,228,160,126,81,204,245,158
959,224,152,196,144,78,198,213,179
960,246,195,195,147,66,215,241,178
961,200,230,253,169,83,223,229,183
962,215,217,163,147,90,231,229,202
963,187,205,227,157,92,201,255,187
964,236,210,181,152,75,175,236,197
965,221,214,204,152,109,222,222,196
966,249,203,196,184,148,202,255,200
967,253,203,202,159,100,210,229,165
968,223,204,188,151,97,209,246,173
969,228,195,225,147,84,178,227,173
970,240,233,193,214,66,217,224,224
971,250,180,239,123,140,239,243,172
972,232,224,196,125,114,195,255,192
973,235,220,215,204,79,210,252,198
974,240,194,229,155,33,241,209,142
975,205,227,193,140,139,201,246,146
976,193,202,223,100,107,150,225,163
977,194,188,231,165,107,217,226,181
978,187,209,233,122,98,170,217,187
979,226,200,230,150,93,195,242,209
980,221,200,233,115,121,209,245,182
981,206,174,186,116,98,170,198,181
982,239,232,212,136,142,190,191,185
983,235,187,224,130,108,177,232,189
984,223,225,189,204,91,212,246,168
985,199,243,253,102,125,197,217,172
986,245,199,189,124,134,175,240,165
987,209,206,232,181,127,236,243,188
988,242,190,244,185,89,180,210,189
989,203,161,134,153,83,239,209,195
990,215,224,213,148,94,172,237,193
991,206,219,241,177,50,219,244,235
992,188,237,229,161,112,193,218,173
993,228,199,231,105,94,172,208,216
994,229,206,250,166,64,196,230,145
995,247,190,244,128,103,198,250,188
996,215,201,202,137,66,192,214,151
997,236,231,229,153,67,192,212,205
998,219,228,230,145,110,211,207,197
999,249,226,210,121,56,130,201,205
