0,42,217,50,127,29,86,128,120,20,64,87,129,113,83,108,70
1,34,225,104,160,42,48,113,83,46,143,95,110,115,26,134,51
2,24,206,60,138,68,69,118,104,35,41,87,112,105,51,190,0
3,0,245,44,154,44,40,138,78,50,68,31,96,63,4,152,58
4,27,226,117,157,92,20,105,63,37,119,104,114,79,49,180,25
5,85,214,58,140,50,21,154,112,77,112,90,142,90,17,175,47
6,16,209,46,174,32,11,127,69,20,127,26,121,77,26,134,9
7,43,212,94,156,62,73,93,74,41,73,52,87,94,19,156,49
8,18,214,145,93,82,84,87,103,43,104,71,95,82,16,110,62
9,18,254,55,136,94,71,115,114,49,147,105,111,115,35,142,42
10,70,251,107,181,68,45,89,77,6,92,99,115,140,18,174,30
11,78,204,120,131,93,49,96,52,55,143,113,92,79,18,182,34
12,18,242,47,131,85,42,142,76,29,110,87,117,55,3,183,41
13,47,245,54,148,110,33,128,74,54,90,113,134,94,15,121,21
14,25,251,54,111,39,97,116,70,35,122,77,83,93,29,162,15
15,13,208,13,143,41,33,123,119,60,78,76,79,99,12,174,33
16,7,224,86,162,99,41,72,47,29,71,75,114,135,59,163,42
17,85,198,77,148,94,79,79,113,79,97,107,70,115,23,138,2
18,47,224,92,150,58,13,133,82,8,107,88,94,108,11,109,0
19,5,254,70,175,55,67,135,74,45,87,97,109,113,18,137,0
20,72,234,105,108,52,73,107,137,101,126,104,114,89,31,171,14
21,16,188,54,137,58,1,137,91,41,68,108,123,113,18,132,16
22,11,227,71,174,88,78,129,128,5,122,52,118,152,19,146,18
23,19,219,91,134,45,12,163,136,33,127,100,85,49,10,138,40
24,34,224,72,152,85,35,104,77,59,124,109,113,78,73,144,20
25,82,166,93,137,40,41,71,87,68,99,105,132,111,2,97,6
26,13,237,127,158,31,17,99,56,80,97,91,100,53,21,173,29
27,31,237,57,110,39,64,123,122,83,106,88,101,87,21,125,39
28,41,254,54,140,82,63,132,94,108,98,112,68,120,39,171,7
29,25,246,101,119,78,6,107,116,2,110,88,104,90,26,146,32
30,9,199,46,129,100,72,139,99,51,127,82,110,117,13,180,11
31,19,217,11,170,90,62,121,80,38,121,92,101,118,26,166,2
32,28,203,94,135,94,64,126,128,56,125,72,96,66,49,152,34
33,15,236,94,111,41,48,130,116,73,126,89,79,100,11,164,30
34,27,231,61,140,72,19,125,72,68,83,97,109,92,45,128,22
35,39,253,111,136,33,49,79,107,33,116,135,152,121,25,148,27
36,13,221,88,96,37,50,118,66,66,111,113,89,125,27,158,67
37,61,178,71,144,56,9,60,102,118,102,131,134,104,2,132,10
38,1,248,97,163,64,2,93,61,52,126,66,106,117,4,158,9
39,45,251,74,122,40,74,61,43,5,145,78,92,109,15,160,3
40,47,221,85,187,72,40,111,144,42,73,73,112,97,53,137,18
41,43,222,27,59,108,40,157,90,50,67,70,82,87,4,143,14
42,0,213,77,174,53,20,111,93,26,115,80,61,98,9,151,31
43,79,231,97,122,47,24,120,102,82,102,95,67,124,13,140,23
44,43,227,77,146,44,68,144,73,55,79,122,126,65,0,138,18
45,44,235,115,151,77,53,121,97,69,75,47,124,78,34,188,19
46,41,255,43,121,73,63,78,74,65,73,77,95,106,62,152,0
47,48,222,56,164,86,61,121,89,64,95,84,146,114,51,197,31
48,43,252,108,135,116,45,105,89,77,149,94,107,63,4,175,6
49,74,253,44,113,66,45,102,44,26,100,60,68,135,52,140,30
50,26,252,76,115,36,25,109,68,86,115,112,138,132,28,122,11
51,28,243,95,120,39,36,144,126,77,114,123,89,113,8,120,21
52,12,255,88,105,65,39,130,106,9,110,58,110,125,46,171,44
53,27,227,64,193,25,44,128,86,36,114,79,70,94,29,151,28
54,47,246,86,170,56,54,125,129,65,104,44,135,99,40,143,44
55,7,221,59,149,48,33,88,108,73,114,113,59,95,38,146,31
56,41,224,77,149,49,69,128,107,28,117,65,156,117,43,149,26
57,12,253,89,129,59,32,80,106,33,89,66,97,93,7,146,20
58,79,216,124,167,106,61,92,97,71,107,102,109,140,17,151,47
59,47,251,69,148,57,81,128,130,45,103,94,150,58,49,183,34
60,16,217,90,148,70,58,128,147,85,103,80,91,54,19,203,16
61,51,233,91,155,49,14,112,81,99,110,61,116,119,53,132,25
62,69,245,47,138,68,82,120,77,92,82,86,157,116,12,146,11
63,37,212,69,124,63,34,120,72,37,124,76,126,124,16,144,40
64,30,252,91,122,85,36,134,38,37,72,82,108,94,40,138,35
65,45,197,103,148,40,26,123,122,55,99,95,87,84,20,193,38
66,18,227,83,117,38,87,143,121,43,85,98,72,106,12,158,63
67,17,246,60,112,58,21,115,67,17,95,83,54,98,55,191,4
68,47,217,109,143,60,47,145,73,80,116,83,123,94,1,195,3
69,49,242,74,145,59,51,100,137,37,108,97,76,129,8,118,15
70,13,233,63,138,71,34,115,82,100,86,85,97,129,10,121,9
71,14,234,63,180,2,57,105,99,77,108,104,86,115,7,105,41
72,19,243,36,136,58,40,90,60,98,73,65,86,113,3,171,20
73,28,251,46,154,82,24,129,94,82,99,105,46,108,2,172,10
74,33,250,68,110,97,52,125,80,70,121,145,140,117,5,199,49
75,3,218,80,152,43,72,152,149,55,85,49,81,71,2,159,53
76,37,229,28,126,85,81,105,93,61,147,73,113,136,40,149,7
77,12,235,87,152,44,23,92,131,11,150,117,156,105,16,138,19
78,9,221,95,179,87,88,87,115,86,132,94,94,111,56,139,8
79,56,220,62,146,78,25,65,115,68,74,84,59,85,18,155,24
80,16,216,38,138,24,42,83,70,96,84,101,85,94,53,118,36
81,39,248,60,160,78,0,133,90,22,134,80,160,82,11,177,9
82,7,243,104,136,74,40,128,119,42,116,82,87,96,23,137,1
83,50,237,80,179,46,122,80,117,51,88,37,95,91,34,164,45
84,57,253,38,93,73,44,88,80,50,110,71,98,92,30,144,26
85,63,250,75,168,91,59,139,122,35,118,113,84,87,20,143,15
86,11,202,103,150,21,94,98,92,27,94,81,80,88,18,158,56
87,1,254,87,149,65,22,84,74,75,115,51,109,90,29,130,6
88,36,232,59,124,65,74,115,26,47,135,96,106,119,15,167,15
89,28,254,57,135,55,46,67,104,45,63,124,118,76,13,132,37
90,27,226,96,145,47,7,109,89,35,101,107,98,96,7,110,15
91,25,243,68,77,51,24,97,83,27,69,145,152,52,4,144,50
92,113,229,60,132,111,60,98,58,53,112,58,65,94,36,173,30
93,19,216,99,166,87,40,103,82,40,92,97,120,120,6,148,15
94,9,246,67,162,43,41,100,110,61,108,109,135,167,42,120,32
95,41,244,93,185,88,68,123,56,75,122,84,76,97,32,109,8
96,26,226,103,174,85,36,160,86,14,121,85,155,90,0,122,6
97,11,242,129,150,114,92,119,65,43,125,52,131,82,21,164,8
98,85,247,156,120,110,35,136,95,43,101,124,142,80,24,192,33
99,14,248,77,132,60,24,144,104,38,115,104,151,154,58,193,24
100,27,214,62,150,40,104,80,100,66,73,130,125,116,1,162,32
101,24,233,80,159,66,51,113,70,53,107,71,122,100,17,128,21
102,33,238,91,131,56,38,93,64,63,117,91,105,100,18,126,7
103,33,231,73,145,77,56,134,90,56,107,121,52,94,44,173,36
104,58,242,70,135,54,41,85,123,54,89,86,104,143,12,156,42
105,34,237,77,102,46,5,62,80,51,149,94,79,66,55,158,23
106,32,191,118,159,35,56,94,51,52,87,77,113,123,6,159,31
107,36,219,34,177,79,69,106,61,55,46,137,90,130,2,185,3
108,76,244,45,210,64,36,111,118,83,108,113,76,99,37,131,13
109,61,245,99,99,79,67,71,92,57,76,119,94,67,44,175,8
110,77,220,106,99,67,103,97,133,74,113,77,140,68,35,154,77
111,42,243,108,153,77,47,61,87,48,128,58,63,146,37,142,50
112,35,232,119,176,42,16,135,89,39,86,49,78,54,6,164,8
113,54,232,101,168,51,55,62,93,40,137,133,77,81,14,142,28
114,11,201,83,159,60,52,109,101,72,76,113,78,86,15,161,90
115,48,241,88,129,35,64,118,124,62,100,90,94,127,56,183,45
116,33,238,113,143,68,73,138,101,86,50,49,65,87,38,125,1
117,48,210,77,171,71,28,84,134,47,115,78,140,139,9,152,24
118,61,247,110,162,84,54,100,69,35,129,112,98,89,17,167,60
119,20,237,56,158,87,69,114,103,77,131,102,98,127,36,149,23
120,73,230,62,145,73,39,116,58,30,91,59,106,104,19,134,5
121,71,218,51,177,41,3,112,88,37,134,106,129,111,13,137,29
122,18,232,76,125,89,77,133,87,72,106,82,106,131,18,146,57
123,58,233,106,123,70,22,74,96,44,123,92,90,96,45,153,25
124,52,227,74,144,66,60,87,93,24,107,64,125,136,18,145,35
125,36,255,52,172,40,65,149,99,38,68,96,101,117,26,152,56
126,24,214,72,138,13,66,174,64,80,128,108,98,67,28,154,20
127,34,249,73,138,32,40,109,119,50,99,75,135,91,0,141,7
128,16,236,88,155,127,61,95,101,48,79,104,90,60,7,135,24
129,24,222,122,98,33,36,59,82,46,92,119,114,89,18,165,32
130,69,242,44,150,52,63,83,55,42,95,129,94,82,16,119,34
131,7,243,69,127,97,33,122,48,16,108,109,115,134,50,189,28
132,56,235,64,148,85,35,72,105,68,142,84,119,124,1,150,2
133,51,251,75,115,73,57,137,112,60,57,126,114,96,21,174,47
134,57,238,60,111,85,74,107,99,64,92,108,54,93,43,174,62
135,78,237,56,128,93,39,142,108,115,112,118,92,115,29,149,25
136,41,251,160,132,87,29,175,110,38,130,59,104,89,19,181,6
137,40,251,86,144,68,43,114,106,61,97,116,104,98,30,161,34
138,25,216,77,145,88,90,101,109,24,141,119,137,94,9,123,50
139,20,235,69,167,31,14,132,97,28,106,115,101,92,27,158,21
140,49,251,63,161,40,46,100,91,92,92,81,86,73,10,127,3
141,19,227,87,149,67,63,132,65,57,108,97,76,110,14,161,12
142,19,228,99,192,27,65,89,97,29,56,88,72,97,76,87,2
143,9,231,111,112,53,30,78,107,70,82,69,94,98,14,152,44
144,36,238,111,140,69,44,121,61,83,103,69,99,80,4,107,5
145,33,251,23,109,108,18,79,72,74,147,111,137,113,58,163,29
146,14,243,79,178,86,53,118,91,57,94,101,76,117,42,147,25
147,27,227,72,142,34,75,95,133,56,109,98,93,123,48,144,24
148,41,242,81,100,78,29,152,95,53,133,49,111,74,4,189,43
149,53,199,27,98,54,34,115,85,69,136,87,56,99,53,128,25
150,46,249,72,164,111,57,90,116,64,104,93,61,75,9,183,37
151,8,237,55,77,55,45,132,108,58,157,84,105,105,22,155,69
152,30,230,83,132,49,8,116,58,20,56,94,82,125,12,116,2
153,53,248,103,183,79,64,91,68,18,131,108,129,114,6,144,9
154,34,240,58,169,96,43,110,125,81,107,152,143,99,17,153,33
155,40,222,97,120,33,69,74,127,53,65,101,119,132,37,124,4
156,32,202,110,144,70,53,88,73,21,78,77,76,122,2,139,25
157,10,247,108,163,81,88,102,88,41,125,179,137,81,3,147,6
158,36,211,92,165,89,36,154,35,74,99,124,91,65,23,161,0
159,29,231,70,129,72,58,93,93,82,117,103,99,74,20,167,54
160,46,233,84,123,79,60,73,88,62,126,117,90,107,31,157,7
161,25,244,62,195,46,90,130,120,62,100,23,97,113,34,161,26
162,26,223,81,159,59,10,137,134,16,86,93,119,126,22,162,4
163,26,213,57,178,73,110,96,81,56,58,107,131,124,26,121,35
164,64,247,83,161,58,56,42,25,21,144,47,91,102,22,172,22
165,20,210,82,166,63,20,79,97,23,186,99,116,119,14,143,31
166,31,244,76,154,28,69,157,65,51,92,60,113,147,8,130,27
167,17,236,87,189,37,54,134,64,62,114,128,124,91,4,138,38
168,19,248,52,113,98,61,88,85,53,101,114,113,120,27,144,35
169,31,241,134,139,124,47,83,52,104,61,93,118,83,31,161,19
170,8,244,65,136,75,33,153,127,55,111,80,87,90,43,159,17
171,22,252,50,158,98,66,115,110,73,94,53,99,119,14,167,16
172,44,219,60,155,31,65,103,97,61,103,86,108,126,33,164,33
173,22,248,68,96,93,37,123,117,35,105,97,126,149,13,155,7
174,3,250,77,141,82,5,95,82,86,100,97,87,106,11,176,80
175,65,198,90,115,69,42,149,42,30,118,72,132,97,39,165,38
176,37,244,122,133,99,76,55,107,24,132,71,69,129,29,163,51
177,46,253,79,146,62,81,130,109,66,108,35,127,89,37,151,4
178,22,228,53,158,61,29,77,105,90,95,144,126,147,23,99,9
179,1,192,48,156,72,19,145,116,71,95,77,69,146,34,138,28
180,53,228,66,117,66,50,130,109,9,161,66,119,109,12,182,16
181,21,214,42,149,58,44,78,55,52,74,90,103,59,45,140,9
182,20,230,64,143,55,47,91,91,31,102,94,113,107,12,207,6
183,39,255,103,125,110,34,103,85,60,136,83,73,91,1,145,27
184,2,254,22,94,22,38,176,66,82,99,102,93,67,36,165,2
185,50,254,145,120,68,29,116,98,67,76,70,108,100,71,162,45
186,59,216,90,166,68,14,153,85,86,50,137,122,108,20,145,6
187,58,208,58,158,83,49,119,38,67,103,146,121,102,25,131,21
188,52,216,72,92,87,57,133,67,63,81,77,84,82,31,189,80
189,45,223,69,144,60,70,101,123,59,127,119,141,98,10,163,44
190,48,236,69,138,36,86,134,75,54,76,127,92,107,14,163,37
191,45,233,116,150,54,56,83,50,38,88,118,51,104,26,170,50
192,33,214,46,89,68,51,115,87,61,125,97,127,81,56,217,43
193,48,230,73,148,68,45,130,93,44,99,70,125,69,15,128,25
194,61,242,36,134,115,71,125,82,18,99,106,167,123,59,136,0
195,31,224,66,141,27,43,89,79,71,88,98,141,128,6,169,12
196,42,202,57,200,69,44,147,116,30,85,125,125,122,33,146,20
197,45,254,119,150,66,34,124,88,88,95,77,88,82,13,156,27
198,30,214,69,117,70,63,136,104,28,121,63,110,65,29,158,18
199,62,210,93,154,103,26,116,81,113,102,86,130,113,37,133,14
200,36,232,69,145,86,35,121,79,51,117,62,62,79,16,167,29
201,42,229,104,135,61,52,142,82,54,127,77,112,99,25,196,35
202,85,240,97,182,85,66,74,116,66,86,70,56,112,46,111,54
203,12,255,87,173,62,47,133,97,43,74,120,97,144,9,170,42
204,20,245,91,141,69,14,99,98,40,91,144,107,116,53,192,18
205,86,244,49,191,58,91,128,106,41,113,123,92,118,30,166,18
206,11,221,123,120,24,18,103,100,52,109,71,95,95,4,126,28
207,94,233,54,98,44,121,92,125,22,141,67,95,126,20,118,52
208,41,249,88,149,118,72,73,106,47,81,124,127,125,34,172,1
209,19,240,56,163,56,42,126,47,72,103,46,116,76,45,152,40
210,23,243,84,151,54,27,119,125,72,112,106,84,75,57,153,50
211,35,249,82,142,38,60,38,98,42,90,114,130,45,12,155,26
212,28,250,97,101,82,31,142,91,26,78,59,130,87,0,154,16
213,50,247,54,131,78,48,150,94,50,85,103,92,99,47,145,37
214,20,254,81,143,40,74,123,96,56,106,84,112,95,22,145,36
215,12,235,101,129,53,55,137,103,59,131,87,151,98,7,182,28
216,17,242,69,166,11,47,130,86,30,42,96,69,118,35,163,26
217,36,223,130,173,52,28,103,63,43,134,101,91,118,33,160,3
218,42,213,70,132,45,24,104,108,64,108,56,111,73,1,175,13
219,27,227,50,110,92,48,77,82,43,108,88,92,51,49,173,16
220,50,196,104,132,42,50,96,114,35,88,130,103,92,26,175,2
221,28,215,130,158,97,34,129,74,58,81,65,79,118,39,170,15
222,53,234,99,137,28,58,111,100,55,102,137,107,84,33,173,40
223,36,250,80,193,52,5,100,95,31,78,121,170,111,33,133,24
224,18,242,146,123,42,69,44,150,53,115,65,90,132,51,201,32
225,47,231,87,125,66,66,99,99,49,104,80,111,64,38,140,44
226,46,222,34,142,48,81,93,72,37,100,103,118,109,21,115,6
227,82,244,101,160,93,30,83,72,72,80,108,80,76,70,201,43
228,65,232,96,106,71,93,134,87,49,128,82,152,163,55,133,24
229,44,233,50,166,66,101,86,81,67,123,17,123,111,34,137,40
230,13,211,97,141,63,66,145,69,49,95,85,102,95,48,127,33
231,18,203,71,150,93,68,151,106,24,127,129,98,92,13,178,17
232,9,212,96,185,82,76,142,103,23,118,39,118,37,21,148,34
233,45,240,100,150,79,40,120,61,45,111,77,102,63,35,143,28
234,25,235,52,137,30,24,140,72,70,111,71,107,24,8,153,10
235,44,223,61,144,70,43,96,99,52,119,93,102,92,23,113,37
236,23,243,101,186,67,44,144,104,53,138,95,108,38,19,177,7
237,21,227,62,118,77,67,132,103,44,61,109,74,111,16,144,2
238,29,192,60,170,48,63,93,84,88,116,114,94,72,6,167,10
239,20,252,86,85,57,38,110,54,52,111,107,85,130,7,123,7
240,13,230,74,144,38,79,56,86,24,84,108,68,132,25,174,28
241,16,223,42,146,102,72,96,79,87,119,125,121,93,3,173,59
242,37,242,87,138,74,22,102,99,35,42,79,94,105,0,151,11
243,17,252,104,152,39,72,132,136,65,77,128,108,52,8,154,32
244,4,240,87,145,23,63,177,103,66,104,104,78,142,32,160,18
245,70,247,110,176,65,29,83,62,23,85,81,97,50,3,157,31
246,42,237,79,145,73,63,99,114,56,113,89,147,109,15,159,9
247,73,224,66,146,69,19,130,56,36,107,126,80,129,69,120,38
248,73,249,102,169,60,43,127,107,22,76,89,111,111,18,173,5
249,9,240,75,138,53,65,81,55,28,97,83,82,76,31,162,13
250,210,200,255,3,132,96,165,73,111,142,88,206,255,149,235,170
251,165,175,254,12,142,78,193,135,43,122,76,169,221,193,225,231
252,175,215,234,25,116,111,244,147,48,103,90,231,195,220,245,122
253,137,148,209,25,76,98,247,76,52,116,41,211,232,192,177,223
254,116,158,237,3,147,75,187,105,64,114,14,233,230,174,244,156
255,147,226,247,10,119,63,202,91,35,92,65,203,242,170,250,179
256,151,139,248,20,161,68,193,82,48,114,29,199,248,157,232,156
257,144,177,217,23,115,28,213,57,63,128,55,219,245,157,244,190
258,153,165,243,15,118,107,208,126,50,92,40,205,252,142,229,194
259,151,174,206,9,113,82,148,125,49,71,31,196,217,206,193,188
260,175,142,226,15,119,84,224,81,68,143,29,190,231,156,225,218
261,113,180,219,1,146,84,215,76,41,109,54,205,249,159,228,219
262,148,213,231,4,121,83,181,105,72,137,62,247,228,146,253,171
263,165,222,239,27,92,92,193,125,66,115,14,202,253,172,240,137
264,121,231,250,49,182,77,177,129,101,106,56,216,217,203,202,185
265,152,205,244,5,146,72,207,87,50,111,49,233,239,162,245,165
266,170,155,235,17,84,138,187,125,80,54,61,233,236,164,239,167
267,128,205,229,17,117,103,167,141,77,80,61,202,245,161,180,183
268,137,190,252,41,115,106,196,133,96,152,31,245,240,148,208,209
269,149,162,251,2,166,113,203,105,56,121,98,250,238,155,240,162
270,152,197,250,2,177,75,203,108,37,67,82,236,245,180,250,200
271,155,230,253,39,129,66,241,135,42,110,43,213,248,234,216,171
272,149,204,199,18,142,84,196,145,41,54,93,202,223,169,225,154
273,140,172,214,3,101,113,186,169,74,76,49,230,206,161,252,192
274,92,207,235,15,95,63,209,80,42,82,78,229,208,206,243,155
275,151,178,222,5,117,116,197,95,61,91,50,216,243,186,243,193
276,147,130,245,7,142,69,221,147,30,95,30,206,227,186,245,210
277,123,199,253,23,121,69,161,94,50,109,85,166,225,178,241,174
278,163,183,243,5,167,97,182,111,40,79,53,182,223,162,227,194
279,144,139,226,47,121,65,250,147,39,76,8,208,182,184,237,159
280,151,193,241,4,121,58,207,111,116,60,107,206,242,187,243,139
281,133,154,216,35,64,62,193,160,43,77,50,214,244,156,235,157
282,132,236,228,18,82,99,175,136,83,98,55,230,253,147,245,171
283,184,150,241,20,96,86,192,114,17,128,69,196,193,189,239,165
284,190,214,238,33,87,57,248,122,26,89,71,249,234,170,221,151
285,170,167,237,29,85,42,180,112,90,89,77,233,205,155,233,217
286,162,179,250,2,149,65,188,140,49,102,51,192,245,216,236,134
287,117,163,254,33,126,90,210,148,57,129,56,239,228,156,251,192
288,174,139,246,5,110,35,225,114,95,131,118,174,223,217,240,193
289,181,187,228,0,120,69,229,150,68,88,21,194,222,183,247,154
290,188,125,241,52,94,93,207,137,17,66,64,218,209,170,234,220
291,147,212,220,6,142,98,196,90,60,98,93,179,201,199,253,161
292,181,199,249,53,145,113,175,117,101,85,56,222,221,182,214,165
293,150,242,255,35,163,82,193,94,48,51,59,227,252,167,238,172
294,113,185,210,26,123,71,204,142,24,133,52,226,238,156,233,204
295,154,134,248,6,120,103,204,92,49,86,55,207,214,172,230,193
296,140,172,226,29,124,92,209,107,38,101,55,250,222,208,243,197
297,145,194,246,6,131,55,224,130,29,115,68,209,222,177,217,189
298,115,192,220,57,134,126,177,151,68,87,76,237,228,213,253,218
299,205,209,245,19,127,81,205,141,110,52,38,211,229,166,236,189
300,131,180,246,9,108,98,188,128,53,108,14,178,222,222,236,185
301,134,168,243,17,79,102,179,110,64,104,87,220,246,138,238,192
302,102,181,249,24,99,123,184,134,98,74,67,211,223,151,223,177
303,125,193,244,21,124,56,180,151,2,121,74,164,236,168,247,194
304,190,173,248,0,123,79,204,144,108,74,83,203,255,148,254,168
305,128,148,247,4,56,82,219,117,81,45,114,186,234,174,209,189
306,162,161,251,5,101,69,184,163,52,87,47,198,241,193,219,192
307,127,138,243,14,128,92,168,142,52,113,81,212,235,177,219,157
308,152,166,253,4,108,86,208,136,51,70,64,229,232,163,244,185
309,129,211,220,33,109,90,237,126,44,96,93,214,227,142,221,157
310,156,190,205,21,108,114,168,152,101,102,91,232,221,174,221,175
311,136,180,238,58,155,62,212,111,56,66,92,248,222,185,195,176
312,111,196,189,21,131,97,198,121,68,125,76,226,247,168,216,185
313,137,143,247,21,126,75,246,114,82,153,93,241,228,210,210,147
314,157,194,247,31,110,92,179,134,55,102,78,180,236,212,233,156
315,192,168,220,16,129,65,203,160,31,100,35,219,221,170,215,183
316,166,173,233,7,120,121,220,100,46,146,33,224,249,185,221,151
317,157,146,241,4,150,51,193,91,56,133,66,211,239,214,240,162
318,153,179,253,10,130,77,191,108,44,66,30,237,213,182,246,155
319,186,160,253,8,123,63,213,121,82,70,65,191,243,185,220,206
320,122,197,217,1,129,120,216,104,29,88,69,196,198,195,255,155
321,157,207,225,43,134,44,173,92,77,105,4,217,185,170,251,175
322,181,154,254,4,144,116,212,122,46,96,68,201,235,155,213,201
323,203,190,226,30,151,88,218,108,72,65,69,201,231,136,225,196
324,135,155,254,15,142,56,197,101,35,110,43,222,214,151,235,168
325,137,199,229,37,152,92,194,121,13,127,79,185,250,184,245,187
326,146,140,213,13,115,94,219,157,64,86,68,230,224,174,243,182
327,186,191,245,32,138,57,212,118,39,123,74,180,248,145,251,210
328,144,173,229,36,131,72,175,125,50,67,79,200,226,144,207,203
329,168,130,241,28,123,104,173,134,60,82,60,182,206,167,220,162
330,132,174,208,29,109,80,229,102,81,136,65,189,221,201,255,164
331,158,181,202,11,120,73,170,83,25,96,25,211,237,164,248,156
332,120,163,208,17,128,55,207,132,78,105,64,215,227,154,243,219
333,109,143,243,45,139,57,179,107,123,62,91,167,207,148,232,159
334,170,161,238,31,127,82,187,110,80,120,44,212,230,186,253,141
335,144,197,218,1,114,87,139,106,76,94,122,174,243,162,252,223
336,141,156,252,18,139,36,214,161,102,83,116,212,239,189,233,195
337,90,204,201,9,153,90,178,90,66,67,66,208,219,188,209,177
338,127,171,210,46,158,100,225,127,46,103,69,214,211,220,217,196
339,105,111,224,9,128,66,174,106,77,75,43,224,239,169,239,206
340,167,185,227,14,134,76,217,88,43,97,17,207,233,195,255,191
341,131,153,225,80,116,105,179,114,58,39,71,204,251,148,198,196
342,173,141,235,57,133,94,213,119,58,101,117,202,164,143,255,154
343,126,182,246,16,166,93,236,147,83,104,56,191,175,186,253,189
344,179,156,242,7,120,66,160,144,72,162,78,255,249,187,254,208
345,150,137,225,14,79,34,207,146,55,109,73,205,236,176,230,203
346,145,194,222,11,114,65,229,113,66,72,65,212,214,132,218,167
347,145,178,234,14,112,89,164,113,29,32,93,234,185,192,229,178
348,156,187,228,23,95,57,213,97,60,124,73,185,186,168,229,201
349,140,161,252,1,104,96,189,143,69,78,60,217,247,191,240,202
350,163,192,246,10,119,22,168,105,66,116,83,176,225,220,232,190
351,154,169,236,45,99,133,198,122,46,88,54,227,187,194,208,199
352,159,181,241,32,133,104,202,47,65,95,107,226,224,151,240,172
353,133,142,228,22,84,105,222,90,77,112,79,246,243,169,217,179
354,171,196,198,3,72,64,202,147,87,68,44,168,241,120,241,175
355,148,89,231,3,97,110,232,128,35,122,62,192,243,164,250,160
356,160,201,223,1,154,125,212,117,104,91,43,223,220,159,219,179
357,173,155,248,13,105,100,222,132,43,74,86,208,252,149,229,189
358,109,200,253,29,99,59,179,114,87,80,54,229,250,179,220,150
359,160,226,205,10,100,67,203,131,55,113,53,242,242,208,241,163
360,152,230,253,1,94,97,180,83,42,77,43,241,243,195,221,176
361,173,154,224,0,135,86,174,96,48,92,75,197,220,221,229,154
362,160,240,246,5,140,66,225,100,19,112,77,201,247,173,215,175
363,151,163,241,23,96,81,226,120,72,78,66,220,228,142,208,187
364,144,158,252,16,89,40,204,168,70,63,87,218,252,137,219,186
365,142,210,219,16,123,81,195,145,80,93,65,240,216,249,218,163
366,128,184,254,34,96,156,209,127,75,82,80,215,234,131,240,194
367,112,179,255,12,128,118,203,82,75,160,78,195,219,191,241,197
368,129,210,200,24,66,67,216,143,65,127,59,233,203,172,235,177
369,142,187,252,5,106,110,210,128,7,54,57,208,220,154,227,201
370,88,176,247,7,138,107,184,96,32,111,73,235,225,158,211,131
371,140,172,240,35,114,98,249,123,54,94,74,191,244,223,227,174
372,169,212,190,34,125,94,201,128,46,139,48,225,234,191,219,172
373,133,193,238,31,92,142,200,122,87,78,72,192,241,159,229,194
374,179,146,249,1,138,82,217,104,51,120,47,196,230,165,252,170
375,128,116,251,15,115,64,176,169,37,136,49,233,206,203,248,151
376,179,193,253,14,133,142,197,126,119,72,57,216,218,144,211,164
377,138,153,240,30,135,79,209,68,77,62,114,218,235,216,234,199
378,131,176,228,24,80,39,217,159,70,93,51,204,243,201,196,153
379,96,212,220,4,131,87,181,80,42,82,41,217,236,203,209,191
380,174,195,236,15,109,72,229,81,63,114,87,219,239,156,211,159
381,156,193,220,11,126,62,165,92,82,120,50,185,232,167,234,252
382,125,210,215,19,129,113,231,114,98,94,60,200,224,228,247,124
383,127,147,242,15,125,77,209,121,60,66,60,219,243,193,252,205
384,115,173,237,68,105,123,240,124,61,57,127,213,198,205,224,162
385,154,184,247,8,101,19,218,131,73,91,78,214,236,170,240,153
386,141,187,236,17,118,81,149,113,64,86,105,198,220,155,204,145
387,214,130,248,13,149,71,235,130,65,138,47,189,221,155,218,198
388,177,204,225,17,121,90,223,138,44,112,56,204,246,205,229,192
389,152,171,245,21,146,79,168,121,61,78,56,202,235,156,253,187
390,142,184,251,39,163,71,233,109,133,87,54,202,246,178,241,145
391,153,206,210,22,124,77,187,90,52,62,54,206,228,170,252,189
392,163,195,236,22,110,104,251,108,35,104,100,212,215,167,249,232
393,181,155,199,55,129,93,225,111,100,94,60,174,204,182,231,171
394,171,188,211,14,148,68,213,91,49,37,54,222,255,223,247,165
395,125,227,204,22,139,62,152,94,33,104,72,190,235,165,228,180
396,120,219,233,13,111,67,174,165,50,114,62,249,205,171,217,184
397,129,186,252,23,120,102,229,137,58,78,36,199,220,209,243,208
398,154,161,255,23,89,119,170,135,92,120,104,239,228,169,222,179
399,121,161,226,50,81,92,243,105,76,97,41,230,220,179,231,183
400,142,191,212,14,118,64,170,126,92,87,88,228,253,179,198,170
401,163,185,251,64,120,71,189,114,64,112,119,197,196,206,250,198
402,173,197,226,11,99,73,209,141,78,126,76,222,227,163,233,151
403,132,150,245,27,105,122,222,108,55,146,40,217,185,153,252,174
404,165,180,249,9,100,62,238,151,57,142,62,229,247,163,195,213
405,179,181,220,0,124,93,212,87,87,97,31,215,198,179,240,176
406,149,168,215,15,77,132,220,72,80,61,48,218,216,191,218,208
407,112,171,236,17,77,71,198,82,45,74,59,207,179,197,219,173
408,145,150,235,28,141,74,227,98,76,96,72,205,249,181,243,132
409,119,229,226,26,133,113,238,76,73,107,42,165,239,149,219,214
410,178,184,252,61,146,110,196,103,53,68,51,209,251,156,234,149
411,148,169,234,6,98,94,198,121,66,107,24,210,248,135,253,190
412,144,180,232,4,135,74,223,129,37,97,79,236,248,196,244,196
413,184,130,191,6,113,77,165,129,74,125,80,211,240,212,238,150
414,140,129,250,22,139,80,192,122,47,93,63,217,247,223,247,166
415,132,159,224,53,98,79,202,83,33,119,61,235,224,199,245,153
416,143,156,209,50,76,79,201,131,119,97,81,230,247,201,240,143
417,173,219,208,19,112,103,169,158,43,68,84,207,254,218,252,202
418,142,160,255,1,99,80,216,147,38,128,47,193,232,185,234,186
419,156,153,211,42,106,49,208,84,57,109,25,242,248,159,232,188
420,162,173,249,28,162,82,166,115,71,102,96,166,254,207,245,141
421,141,166,246,9,135,93,217,161,34,99,82,186,221,148,227,238
422,200,220,227,4,82,67,167,118,59,73,52,186,194,245,250,172
423,130,193,249,16,116,58,235,84,67,122,99,220,237,198,215,174
424,142,183,208,42,124,109,174,110,80,93,43,249,227,144,218,152
425,167,180,246,1,114,88,233,104,58,113,87,183,220,165,253,198
426,99,178,237,11,149,62,202,83,62,135,50,230,228,170,248,160
427,172,231,240,11,162,27,149,106,61,106,59,222,232,196,217,199
428,156,201,244,47,109,67,192,124,35,73,44,176,255,204,216,200
429,185,171,190,11,150,118,240,129,29,107,25,243,230,210,221,170
430,192,114,240,39,107,102,201,123,60,122,84,236,254,231,229,184
431,163,178,234,1,103,82,207,118,62,99,65,195,206,226,218,180
432,163,173,219,62,92,90,214,119,37,110,77,181,232,205,252,199
433,111,181,229,12,69,86,223,107,48,103,58,150,248,204,248,206
434,146,150,237,21,108,104,221,118,104,117,62,253,218,181,246,150
435,160,184,225,32,166,58,192,89,25,74,67,181,225,153,237,187
436,144,242,243,20,128,67,171,100,45,95,75,227,254,171,215,200
437,158,174,234,12,153,85,194,79,43,74,44,205,229,169,237,178
438,153,194,242,25,135,122,202,144,81,114,77,219,255,147,241,137
439,120,191,206,24,124,157,194,99,39,115,77,179,255,208,252,195
440,134,179,240,40,117,27,187,139,101,153,81,212,219,199,253,157
441,207,184,220,27,102,81,219,136,20,99,82,219,255,164,235,161
442,145,154,176,9,98,72,204,117,78,107,55,223,215,197,208,219
443,167,149,242,18,123,105,218,164,65,123,29,219,214,176,241,112
444,141,163,233,6,181,54,208,98,72,89,66,247,208,193,234,165
445,154,160,188,21,121,54,200,115,33,74,100,210,246,168,241,178
446,129,185,233,6,114,56,201,167,75,107,26,251,189,205,207,157
447,135,204,238,29,161,99,192,79,36,77,63,225,242,174,222,176
448,135,157,236,21,112,77,175,122,46,154,88,216,203,136,196,150
449,105,185,212,45,88,114,231,114,47,103,80,254,201,218,242,187
450,110,173,243,35,155,119,177,131,80,102,121,203,242,160,226,167
451,150,187,242,2,164,101,214,82,115,112,86,174,227,212,250,188
452,157,215,216,35,101,94,211,96,60,111,60,179,193,169,242,153
453,176,158,247,4,117,67,180,94,71,64,75,226,207,184,209,169
454,168,130,250,28,118,75,197,118,103,101,87,196,193,190,249,147
455,128,217,254,8,141,77,211,111,108,111,96,206,255,126,228,134
456,140,151,247,12,103,73,173,136,95,85,43,200,225,178,254,151
457,129,192,228,33,85,75,210,151,82,36,52,214,205,205,243,195
458,127,192,229,22,168,36,219,77,83,106,66,175,238,187,254,218
459,129,210,227,8,99,105,182,113,16,86,60,204,227,227,241,162
460,131,173,248,41,124,115,197,120,48,92,107,198,217,197,202,218
461,142,165,234,22,101,102,167,107,72,121,32,211,206,126,224,186
462,132,178,217,17,140,90,211,156,53,53,66,179,207,152,230,164
463,173,162,248,20,118,90,197,123,38,151,69,216,218,138,214,195
464,199,190,255,7,125,139,180,52,56,109,54,221,239,201,251,164
465,154,191,233,14,99,106,203,87,88,103,59,218,229,166,240,200
466,151,168,213,19,97,147,216,134,99,48,41,221,247,145,244,197
467,182,149,235,13,129,124,213,119,71,81,86,184,230,162,233,163
468,114,192,230,25,138,82,208,160,86,82,42,236,250,143,243,155
469,203,136,234,7,111,113,228,120,75,99,58,233,220,195,191,186
470,181,168,224,1,118,129,252,74,76,92,69,196,236,201,204,203
471,136,219,247,2,148,128,211,113,68,98,71,206,244,238,226,200
472,151,204,250,7,157,71,199,139,33,120,90,192,217,206,255,171
473,87,156,231,37,95,50,235,129,82,67,67,222,193,168,221,147
474,168,170,242,44,101,93,208,110,37,91,62,252,211,193,187,163
475,175,172,228,46,124,80,235,119,73,104,73,218,233,169,219,192
476,135,198,232,29,93,146,220,141,92,93,77,194,214,208,254,180
477,142,167,228,12,143,110,180,151,62,72,87,209,238,188,210,168
478,181,138,220,21,146,88,185,129,71,106,43,239,227,205,220,150
479,150,177,232,26,110,63,213,127,45,71,58,243,224,193,240,166
480,108,192,221,3,92,75,185,121,26,102,44,223,234,180,231,128
481,143,212,216,34,97,136,228,142,38,112,71,233,189,206,220,129
482,101,194,208,5,96,75,217,155,40,49,23,217,223,202,255,175
483,140,186,208,1,111,109,207,68,19,110,77,248,212,197,209,202
484,151,156,236,11,138,65,221,125,66,126,29,255,218,212,242,189
485,118,181,240,10,103,55,233,135,55,80,62,216,212,161,227,213
486,162,183,255,1,126,84,194,103,65,81,87,193,241,189,249,156
487,151,158,193,18,114,61,179,122,82,123,64,245,200,212,247,185
488,160,185,243,10,141,108,236,99,34,98,47,244,250,176,236,158
489,162,137,247,22,72,70,218,120,45,100,47,214,225,172,242,186
490,144,159,248,60,142,69,229,139,40,128,44,216,211,157,232,145
491,180,208,236,21,140,86,151,135,60,115,45,220,235,190,245,201
492,129,186,234,3,85,122,136,114,52,82,51,155,213,158,255,169
493,100,145,198,7,144,111,181,122,79,61,116,194,206,133,203,165
494,134,223,183,36,107,112,204,168,68,54,112,181,184,202,242,209
495,155,200,225,2,103,130,231,106,43,63,41,219,250,188,233,224
496,191,157,235,45,96,73,207,112,25,77,9,225,211,171,201,190
497,188,188,238,33,154,127,226,67,77,108,43,215,222,199,208,178
498,176,225,227,8,137,99,173,124,81,125,88,193,233,173,244,186
499,174,160,244,20,117,25,201,91,83,127,61,195,225,178,189,161
500,88,192,195,82,63,230,44,126,216,201,244,227,85,192,28,130
501,51,186,204,96,48,234,19,97,231,183,222,254,48,183,25,153
502,66,201,210,100,90,243,38,102,173,184,239,252,116,224,37,188
503,90,197,199,92,48,204,6,92,188,189,242,235,79,205,20,186
504,73,222,222,109,54,230,38,93,231,151,238,224,81,182,5,218
505,109,172,157,85,33,196,36,123,217,156,254,253,108,214,21,201
506,104,234,211,137,60,244,36,126,238,165,255,212,117,227,27,193
507,104,200,200,63,79,221,10,131,216,170,237,226,75,168,44,190
508,95,217,167,86,77,208,28,90,218,187,215,209,72,219,26,136
509,37,230,191,84,81,227,64,177,230,252,227,242,75,176,0,186
510,100,177,131,73,97,198,20,100,219,165,192,234,129,214,5,191
511,89,227,232,61,55,191,39,112,235,210,217,243,91,175,57,192
512,70,212,164,106,97,240,36,93,188,149,227,227,60,208,8,181
513,60,222,212,97,77,231,35,72,202,160,229,185,122,241,9,211
514,100,246,223,119,54,228,2,117,236,138,229,254,57,220,43,157
515,31,224,197,47,84,212,7,84,207,188,255,233,123,192,33,212
516,65,211,199,63,49,240,43,92,196,186,234,254,74,197,1,212
517,43,172,209,81,86,230,32,70,201,184,242,240,39,182,10,235
518,26,193,166,67,58,210,36,134,206,149,236,240,76,180,7,189
519,60,244,241,86,44,243,50,114,239,212,239,247,90,209,1,162
520,87,229,204,84,68,224,63,114,167,198,238,242,82,199,15,178
521,42,174,215,58,102,204,2,144,217,133,227,220,41,220,56,194
522,128,189,213,59,85,197,7,137,199,169,250,255,69,147,21,209
523,92,200,195,87,71,196,40,107,250,179,205,254,98,181,2,168
524,48,246,157,92,33,192,35,116,197,159,209,217,91,184,33,144
525,34,226,216,91,79,199,23,104,208,169,207,241,79,187,6,173
526,48,220,182,91,53,176,13,168,247,148,250,246,73,189,3,190
527,51,215,238,94,56,241,67,89,229,202,227,213,101,172,51,236
528,71,226,245,86,93,173,33,58,197,136,252,228,139,241,11,192
529,99,171,185,92,107,252,41,71,216,175,216,235,85,177,20,200
530,56,233,212,92,47,193,37,97,227,154,253,237,135,213,14,155
531,49,217,183,86,86,192,24,75,218,192,245,217,80,234,6,196
532,76,196,221,140,61,231,56,56,224,181,235,245,103,214,11,161
533,72,227,189,71,66,241,72,129,200,126,255,230,122,163,5,169
534,86,251,200,103,81,220,44,81,213,184,216,214,90,205,17,183
535,44,205,219,100,92,168,0,106,229,171,237,228,79,181,41,175
536,17,214,206,78,81,219,53,106,202,149,236,224,110,175,7,194
537,37,158,217,88,73,238,13,98,174,165,254,253,84,168,31,199
538,68,183,185,70,71,227,69,128,217,175,235,219,103,224,42,221
539,61,222,190,106,57,191,64,130,166,162,220,223,57,210,14,138
540,91,240,190,81,63,233,13,124,242,207,254,243,64,193,0,141
541,59,194,195,103,9,211,47,145,178,159,217,242,50,204,46,215
542,74,185,201,104,62,198,49,106,203,184,228,218,109,201,3,202
543,112,245,211,100,67,222,34,113,230,155,225,255,112,192,26,151
544,81,223,188,80,64,251,79,90,248,176,234,240,87,172,23,156
545,74,242,230,109,80,191,46,70,188,124,238,220,100,193,4,204
546,63,173,175,90,59,200,58,69,192,184,226,194,138,182,19,227
547,32,224,152,91,78,195,35,104,205,173,235,241,64,219,27,207
548,108,190,179,37,77,222,43,104,246,132,230,216,66,175,13,178
549,100,202,172,93,74,228,64,125,196,135,236,246,94,227,34,196
550,73,240,160,90,35,241,90,71,226,205,250,229,91,161,52,195
551,91,214,174,108,28,214,81,98,229,166,236,238,125,197,9,164
552,65,205,235,96,78,229,55,113,164,136,251,240,32,177,26,198
553,67,159,242,40,76,214,20,86,204,180,249,252,64,193,28,165
554,63,181,191,127,67,192,53,109,211,140,204,236,118,220,62,190
555,112,188,191,80,98,201,47,95,170,198,255,238,123,208,3,221
556,60,235,203,91,37,210,19,124,207,140,247,242,74,214,39,151
557,94,186,181,79,76,238,54,112,231,164,253,234,117,178,44,181
558,65,208,182,70,134,216,28,103,215,170,245,243,87,166,17,175
559,87,230,183,141,51,215,14,63,178,158,215,242,70,201,5,190
560,104,202,158,100,30,231,52,81,212,224,243,176,97,203,52,205
561,39,210,184,130,93,227,29,109,244,166,214,182,84,156,22,216
562,96,231,236,95,66,213,18,105,178,155,238,248,105,183,20,239
563,99,216,230,69,84,173,35,113,183,209,246,198,70,178,32,190
564,69,231,171,122,21,217,44,56,199,189,247,211,96,240,5,207
565,40,247,177,178,92,219,61,112,178,214,213,226,79,191,14,180
566,57,248,217,65,5,203,43,117,219,187,220,241,101,198,13,155
567,42,211,196,76,79,236,29,126,163,174,239,202,129,183,3,210
568,69,208,193,73,106,226,18,128,221,160,251,227,88,175,20,147
569,115,242,223,56,41,187,25,74,208,163,249,243,67,212,10,185
570,44,186,216,85,58,206,43,95,234,128,253,249,75,157,45,226
571,28,208,210,134,30,239,41,107,231,176,237,255,125,180,36,155
572,13,209,216,87,34,237,32,77,202,198,205,191,94,217,10,203
573,43,248,176,68,77,211,50,95,246,149,213,234,104,206,53,161
574,69,217,174,115,81,219,75,103,201,137,233,254,17,211,16,183
575,51,181,209,90,102,209,27,107,182,162,242,219,126,132,51,222
576,120,239,186,65,24,253,51,150,205,187,242,249,146,172,17,250
577,46,211,191,116,56,206,50,104,230,131,241,243,74,206,9,188
578,83,217,215,91,76,214,16,138,216,152,234,218,109,227,2,188
579,51,173,211,108,96,218,25,114,169,179,246,240,83,175,0,171
580,90,239,211,117,63,217,53,137,224,190,230,202,104,218,30,166
581,58,240,151,121,41,223,46,81,243,221,255,236,65,190,44,205
582,67,231,192,53,81,243,18,147,212,178,241,223,127,192,28,153
583,59,233,212,104,31,169,6,117,247,180,239,223,70,169,23,159
584,79,200,203,82,25,202,66,129,226,174,211,250,139,168,7,220
585,74,192,160,85,34,227,17,127,252,201,249,243,82,240,10,205
586,68,228,185,149,93,222,40,96,242,151,249,222,104,234,0,201
587,59,185,191,104,74,224,5,140,248,144,214,252,100,189,42,191
588,57,241,200,85,54,191,48,86,197,108,215,210,96,196,5,201
589,77,211,225,74,40,191,7,114,247,167,225,240,110,174,19,217
590,85,207,181,76,64,192,20,150,227,218,230,237,58,169,43,170
591,130,201,211,52,53,221,46,111,216,159,242,242,94,173,1,169
592,113,210,221,102,52,215,33,94,227,178,225,233,81,209,8,164
593,60,218,209,75,80,216,40,138,189,178,225,223,60,175,29,195
594,79,236,214,82,73,210,18,95,240,189,238,254,83,209,28,186
595,103,225,197,96,79,186,44,72,253,231,250,220,111,160,12,144
596,102,220,198,76,34,219,15,114,229,161,226,213,118,179,20,181
597,55,230,217,77,5,189,43,103,206,176,234,240,129,209,32,174
598,74,212,237,80,88,247,39,101,221,188,239,209,80,154,34,196
599,58,250,203,63,62,202,46,121,194,225,219,224,89,180,38,222
600,112,249,189,115,80,199,22,140,195,201,249,237,108,197,21,162
601,98,214,248,94,73,208,16,73,193,160,246,223,87,159,14,181
602,60,177,179,84,24,228,36,106,184,198,249,243,82,134,41,201
603,71,207,188,63,9,185,39,107,184,160,253,229,134,142,9,179
604,100,208,196,56,52,244,52,116,240,208,192,226,45,202,17,210
605,52,206,216,103,3,201,15,146,217,137,255,230,71,168,8,214
606,70,218,248,61,36,200,21,85,226,168,249,241,140,208,2,200
607,108,222,235,82,65,141,4,132,218,157,203,240,101,152,63,215
608,55,198,220,79,58,182,36,113,249,148,218,221,79,231,2,214
609,58,216,169,67,56,231,56,135,202,207,222,211,77,184,8,214
610,74,210,152,35,30,216,23,141,223,149,241,210,104,182,6,175
611,108,225,177,95,69,234,25,168,207,198,241,247,98,188,12,162
612,41,219,204,142,106,194,47,132,180,170,232,253,90,216,1,184
613,47,202,206,118,40,224,22,108,235,155,240,221,71,212,7,194
614,73,194,174,89,59,187,67,108,247,160,228,231,27,194,3,180
615,55,231,196,112,74,225,35,112,192,174,223,241,89,162,43,157
616,57,194,220,82,65,217,52,101,231,152,235,220,111,151,24,200
617,43,217,210,139,81,221,27,65,182,162,251,249,88,144,29,218
618,65,214,211,85,58,247,27,78,223,173,247,228,126,220,7,205
619,52,169,228,157,43,224,52,89,188,171,235,255,145,222,26,204
620,71,215,143,96,54,199,8,104,232,155,234,251,82,192,1,166
621,46,247,189,95,31,216,33,81,175,124,228,205,80,204,15,196
622,99,208,228,89,68,163,62,110,228,116,218,221,121,188,5,244
623,30,236,204,100,103,251,32,111,183,161,234,241,77,171,15,184
624,60,200,196,125,56,229,47,137,170,142,240,211,121,207,26,154
625,50,181,209,58,61,222,16,83,190,157,244,224,61,186,5,149
626,64,228,155,65,79,203,3,112,220,174,222,238,92,181,8,160
627,57,221,192,31,65,217,3,59,220,172,242,244,91,158,17,219
628,49,213,144,65,47,224,30,93,227,150,251,249,82,219,24,184
629,105,181,203,29,89,210,88,60,218,151,237,226,73,195,12,193
630,81,181,200,120,79,200,9,67,182,203,249,243,103,180,22,218
631,44,240,176,123,53,244,38,124,240,219,211,203,59,191,4,212
632,87,250,196,111,84,187,54,117,210,183,244,226,88,169,20,214
633,90,193,162,114,45,236,34,96,221,184,252,221,104,197,0,203
634,60,219,206,23,72,231,53,129,219,171,233,223,69,225,23,219
635,60,219,183,76,65,221,39,128,190,132,235,192,128,177,49,192
636,42,238,208,116,72,228,73,64,199,162,233,224,109,211,40,217
637,70,238,154,90,43,193,32,116,187,142,228,249,83,165,7,213
638,36,191,234,127,82,215,47,52,187,156,234,228,90,174,21,185
639,8,199,209,82,49,209,48,130,218,146,192,238,85,212,13,171
640,103,205,173,108,47,200,33,68,191,155,226,249,97,251,9,187
641,44,184,187,29,16,235,14,25,219,130,253,241,116,210,30,233
642,57,223,162,77,54,201,30,108,223,195,228,231,89,211,4,212
643,81,236,216,133,25,238,1,152,224,205,247,235,54,172,57,233
644,88,198,178,57,18,226,41,60,203,167,250,242,111,218,35,217
645,80,224,202,103,98,237,25,93,182,153,205,231,79,192,35,184
646,72,239,215,77,58,167,24,80,183,151,220,252,62,202,60,152
647,30,255,207,62,14,245,55,113,207,147,244,241,65,219,27,195
648,59,228,250,126,12,162,26,137,242,182,241,221,107,199,6,188
649,73,187,189,98,56,190,56,80,201,172,237,216,90,126,22,165
650,78,203,186,93,84,223,12,99,152,149,237,208,100,220,15,192
651,80,207,216,67,85,254,37,58,204,149,228,251,120,216,24,238
652,50,217,179,86,24,202,29,116,249,141,234,253,131,221,22,195
653,105,224,212,83,82,207,12,82,181,201,239,233,128,155,7,216
654,103,195,159,68,91,226,68,144,194,184,243,246,23,219,14,178
655,71,222,239,43,86,150,74,113,190,163,202,232,88,189,31,223
656,98,239,229,101,54,242,34,128,251,123,229,231,76,201,7,206
657,79,239,181,111,71,225,47,113,240,148,213,244,96,182,31,230
658,33,197,198,103,17,178,9,103,214,172,205,215,90,157,20,123
659,56,217,203,80,31,237,4,113,219,152,228,246,110,192,24,219
660,62,192,245,49,53,207,56,118,172,203,247,250,81,189,59,170
661,114,186,247,123,33,198,49,77,231,155,234,235,114,205,22,195
662,51,218,247,94,29,218,11,134,227,143,224,182,78,225,16,197
663,65,205,169,92,32,195,22,147,152,182,228,217,76,186,48,196
664,54,221,223,44,90,191,24,145,217,193,216,250,128,228,39,194
665,95,227,203,123,63,222,20,123,236,197,224,240,127,222,3,218
666,45,225,195,79,68,230,38,152,245,139,196,251,138,193,14,224
667,98,251,197,110,42,222,23,112,201,204,210,248,82,171,46,181
668,130,228,200,86,73,239,58,139,202,153,240,236,69,144,35,164
669,105,229,213,67,70,250,22,130,230,219,228,252,121,179,76,170
670,98,188,251,98,54,225,24,110,179,157,250,244,83,180,17,225
671,71,209,183,35,65,225,14,98,226,182,229,237,104,174,46,206
672,101,213,215,73,53,199,14,137,170,130,227,234,90,171,35,161
673,45,194,223,81,60,211,79,156,219,141,246,249,124,175,5,155
674,50,238,201,67,100,215,19,113,209,149,231,238,72,210,14,166
675,117,226,210,52,76,239,25,68,202,166,216,226,92,231,9,186
676,62,237,208,99,62,203,31,82,248,175,213,214,99,252,14,209
677,118,206,218,53,59,218,27,143,204,172,247,252,78,155,28,187
678,94,172,187,113,43,224,11,82,208,177,229,232,92,228,5,182
679,38,162,214,110,56,201,22,113,221,183,239,242,81,173,32,133
680,40,206,185,111,48,255,86,106,241,188,253,239,83,229,17,151
681,95,162,171,113,35,212,11,112,191,208,228,226,104,161,46,206
682,120,235,171,102,57,212,31,82,207,155,199,250,90,212,14,187
683,123,213,169,69,50,223,12,98,231,168,233,247,86,190,18,185
684,69,194,178,78,73,174,46,99,219,201,242,245,67,210,34,176
685,38,206,234,74,62,255,36,114,238,197,250,214,98,147,16,193
686,106,200,204,92,46,226,7,83,230,117,248,244,66,171,2,206
687,47,232,203,98,114,239,28,62,199,184,235,219,119,236,50,217
688,68,174,203,96,30,255,88,116,162,174,178,252,109,170,9,245
689,31,205,158,104,4,234,12,151,236,140,250,199,82,220,21,209
690,33,210,134,59,57,207,19,129,210,159,243,247,108,218,85,234
691,30,200,183,57,61,205,64,104,154,147,217,250,94,171,6,164
692,93,228,197,98,50,217,47,91,220,189,214,232,80,177,0,220
693,74,223,229,87,71,236,38,136,187,150,242,246,64,167,15,195
694,101,249,168,122,44,246,73,95,236,181,237,232,82,184,29,178
695,21,204,177,84,76,226,21,80,192,189,220,252,86,187,4,130
696,46,196,217,50,59,156,26,94,226,201,197,226,73,197,38,199
697,62,202,179,65,69,208,59,96,186,166,228,252,82,192,36,183
698,52,203,224,114,42,191,2,60,212,172,218,210,93,220,21,192
699,35,228,218,93,62,221,49,93,201,157,248,234,66,177,29,227
700,89,223,171,139,49,198,88,93,207,149,232,228,73,216,42,234
701,65,172,223,117,62,191,9,114,226,202,249,221,77,185,58,186
702,115,204,184,49,50,185,57,82,187,172,246,201,79,168,43,226
703,47,232,201,115,58,237,69,113,197,158,200,248,56,179,55,154
704,26,192,214,71,5,213,18,93,208,147,236,209,99,200,17,221
705,121,225,188,121,59,232,25,90,173,175,252,246,80,202,86,162
706,73,183,204,92,74,248,3,130,229,211,223,231,85,223,6,168
707,70,172,170,68,47,226,29,79,224,147,239,241,101,169,22,178
708,55,214,199,93,70,231,36,128,226,148,244,235,101,232,27,213
709,60,209,239,67,47,198,15,130,218,170,238,183,83,184,31,173
710,71,230,181,81,64,176,1,113,190,179,231,229,82,206,9,185
711,115,219,194,133,13,223,4,90,191,194,233,239,105,192,29,158
712,83,151,226,100,44,194,55,78,227,194,250,239,105,222,24,235
713,122,217,209,72,23,241,54,88,198,183,224,226,112,235,2,155
714,77,198,198,80,57,218,67,92,222,164,251,251,86,188,26,195
715,73,214,207,131,46,212,33,116,206,160,230,234,100,164,4,208
716,47,239,209,88,64,217,7,118,193,206,201,214,67,181,22,215
717,46,204,188,66,46,143,40,72,221,170,239,249,119,197,2,214
718,55,223,160,75,84,224,39,76,219,195,231,246,98,194,17,181
719,81,221,201,91,75,241,26,116,228,135,232,242,83,187,37,173
720,99,225,248,43,55,207,11,148,219,169,253,226,93,182,5,240
721,92,214,202,115,48,241,56,103,229,210,212,222,116,184,39,198
722,28,199,217,74,52,226,44,118,183,204,243,238,106,192,3,220
723,129,174,226,80,40,242,24,98,161,147,246,221,83,204,14,155
724,93,208,188,129,33,179,21,111,173,140,217,208,107,163,0,179
725,42,221,212,103,38,222,43,105,213,148,240,255,111,250,39,197
726,76,212,237,47,77,206,16,96,221,192,233,234,95,169,10,218
727,85,254,199,94,14,185,32,65,202,174,204,234,50,170,45,195
728,45,200,174,118,21,219,12,72,212,179,244,244,67,211,51,169
729,71,205,229,75,48,204,31,107,219,184,242,243,81,202,62,193
730,14,234,196,96,55,194,47,94,168,174,229,247,108,214,37,226
731,91,180,214,118,54,233,32,75,197,142,219,207,64,221,27,179
732,89,181,224,70,93,196,3,92,178,139,237,228,84,226,47,194
733,94,248,162,84,33,163,31,85,237,144,200,233,101,231,11,140
734,105,208,234,92,37,216,46,87,204,220,208,241,88,203,50,198
735,63,189,185,91,67,175,39,100,235,195,224,249,99,216,6,212
736,99,247,251,95,53,235,45,99,135,158,205,239,112,189,4,129
737,91,193,197,75,96,186,40,111,209,176,242,252,97,149,41,166
738,52,194,218,116,70,224,43,110,247,212,242,193,120,210,22,171
739,77,207,222,131,65,189,35,133,189,183,232,251,89,196,5,204
740,66,204,166,82,85,232,25,94,204,204,246,224,85,175,1,205
741,70,206,175,68,59,239,63,110,215,183,219,241,75,142,34,188
742,53,207,216,61,44,225,92,92,226,160,237,223,104,221,10,197
743,66,213,180,56,91,216,52,94,184,157,247,211,68,191,30,181
744,83,195,202,71,21,219,18,112,211,176,239,232,65,174,1,194
745,63,161,168,74,54,191,75,93,213,140,214,235,80,148,5,185
746,33,206,174,93,56,174,68,137,215,158,234,253,106,194,2,157
747,85,198,174,88,48,216,71,127,205,175,243,244,92,220,27,202
748,78,193,209,98,108,195,10,117,189,188,225,232,53,210,25,168
749,84,231,229,117,109,228,42,77,210,190,222,242,101,189,34,222
750,118,185,125,215,188,148,20,250,69,143,116,35,2,33,75,7
751,104,145,86,191,166,94,19,253,120,151,137,18,41,3,44,28
752,115,211,147,198,172,151,36,230,80,149,84,6,51,5,105,19
753,115,116,133,198,217,135,16,255,61,132,107,47,15,29,51,52
754,119,116,65,227,217,107,29,211,88,152,115,45,41,47,74,14
755,142,119,117,244,138,100,35,243,84,175,126,13,27,0,84,22
756,60,147,123,215,143,93,24,235,60,180,138,33,6,5,58,21
757,136,152,117,194,183,123,34,211,59,220,177,67,53,18,114,11
758,80,111,133,173,229,140,0,232,79,160,136,25,35,25,38,0
759,121,127,115,201,172,97,14,221,52,189,170,43,42,9,85,56
760,101,150,65,224,182,104,8,246,55,155,155,63,3,13,68,38
761,110,165,113,189,189,135,14,237,82,178,131,74,29,37,50,42
762,162,121,125,241,200,174,31,250,109,192,150,22,44,23,107,12
763,128,198,96,208,214,109,9,252,117,161,121,30,17,44,83,48
764,95,131,144,234,223,130,3,251,70,169,121,16,53,6,27,6
765,107,187,76,176,173,94,7,223,73,131,124,25,29,57,105,38
766,99,202,111,199,182,154,9,202,90,151,150,54,38,32,93,32
767,121,124,110,190,217,132,24,219,42,181,134,67,27,34,78,1
768,106,161,119,184,176,125,47,255,45,166,158,41,46,1,58,9
769,97,163,86,181,199,96,29,213,73,149,89,53,67,31,56,11
770,109,169,119,162,185,85,20,225,67,152,145,15,48,5,65,57
771,109,167,82,207,190,132,25,227,60,195,165,51,39,35,36,34
772,111,123,146,235,230,179,15,229,64,178,100,40,45,16,24,5
773,106,202,132,200,229,125,25,227,116,165,162,49,34,27,108,27
774,77,137,103,197,211,162,33,223,34,181,116,3,15,34,103,33
775,106,139,112,224,231,100,15,244,87,188,169,42,41,13,70,70
776,103,159,97,209,183,147,22,237,61,169,126,23,56,7,106,53
777,109,191,114,195,170,123,32,240,100,152,177,33,61,26,80,9
778,109,128,112,158,151,129,0,248,94,150,88,25,8,1,52,16
779,122,172,152,166,183,141,17,227,94,210,139,17,40,18,83,36
780,97,151,115,247,222,124,45,255,90,162,117,91,48,61,59,35
781,107,155,87,220,180,106,11,252,71,218,135,53,40,29,93,15
782,102,180,120,194,140,150,8,251,115,157,107,0,1,0,128,18
783,95,123,91,150,232,107,1,249,97,210,174,42,1,0,9,10
784,124,175,110,189,216,149,12,234,103,154,168,22,45,16,51,26
785,86,170,110,228,168,90,60,238,65,144,185,57,15,21,54,44
786,143,128,148,241,177,134,16,217,80,130,154,48,46,60,125,25
787,110,130,108,203,173,100,5,217,82,191,133,65,72,8,71,51
788,145,136,83,227,195,119,20,246,51,181,139,0,51,3,37,22
789,84,155,140,174,188,119,25,249,57,174,86,54,66,31,92,14
790,94,164,148,213,206,134,33,237,81,172,118,36,8,35,14,22
791,124,131,75,184,240,118,36,235,80,167,119,82,34,2,70,42
792,102,158,135,223,221,67,6,255,67,198,148,98,13,6,77,28
793,109,158,102,179,197,151,22,244,28,137,118,35,44,3,41,66
794,69,154,114,252,176,143,72,223,63,138,142,7,80,40,84,37
795,124,182,113,243,203,129,62,224,39,150,99,6,29,21,63,40
796,63,152,80,234,241,132,29,240,32,185,123,41,37,59,44,12
797,78,161,120,209,152,120,18,224,53,174,110,43,41,44,95,17
798,133,152,84,250,209,137,57,255,106,98,95,21,40,14,97,28
799,119,143,118,190,191,138,25,216,45,169,150,70,77,16,56,28
800,138,142,97,172,177,123,18,229,33,163,106,59,28,33,29,12
801,105,153,117,229,195,86,31,217,55,130,113,37,25,35,41,11
802,137,102,100,193,215,131,24,241,81,193,143,34,16,63,76,48
803,109,145,147,165,170,98,12,245,51,191,178,81,33,22,70,16
804,140,165,114,188,168,150,42,241,81,185,154,53,68,7,60,19
805,118,181,89,208,205,178,11,236,117,103,157,47,14,46,95,15
806,109,178,127,166,178,127,7,243,53,186,150,51,24,18,40,14
807,81,203,117,201,225,88,55,232,93,147,159,62,20,28,78,0
808,124,129,66,206,191,93,11,238,73,183,151,34,31,61,100,54
809,42,173,113,185,165,142,77,244,64,152,124,28,50,46,64,48
810,109,164,133,194,203,133,5,235,72,191,161,13,40,30,34,4
811,149,197,128,222,171,133,93,250,51,141,114,102,80,29,76,3
812,123,143,104,246,231,130,20,249,70,168,159,41,18,1,78,9
813,53,176,155,196,202,158,32,178,86,115,133,13,53,14,62,33
814,122,166,72,208,226,159,38,250,54,162,118,32,14,34,31,39
815,104,183,114,223,238,175,16,233,63,131,112,33,51,14,44,41
816,99,135,140,224,174,150,1,253,129,188,148,55,56,35,90,65
817,113,133,120,200,179,156,28,229,60,215,161,30,18,16,60,19
818,138,128,115,216,182,88,9,224,55,159,113,35,3,36,52,39
819,153,136,123,237,156,97,12,253,46,201,125,50,40,1,60,52
820,100,135,139,184,207,146,16,216,86,222,93,70,29,25,61,16
821,119,173,128,228,214,150,3,244,38,177,136,18,51,6,39,47
822,86,122,100,200,212,150,11,235,80,154,164,81,16,29,5,22
823,97,160,128,250,183,134,38,253,78,180,154,40,50,62,58,0
824,138,161,77,234,216,97,30,227,97,157,176,82,30,53,76,26
825,110,179,130,200,199,98,8,217,86,162,88,96,11,16,58,2
826,127,142,101,175,191,123,22,252,95,191,148,21,40,17,82,2
827,103,165,111,242,209,143,51,237,6,164,126,41,6,47,74,25
828,110,117,131,237,178,136,1,232,91,137,117,51,12,35,52,11
829,141,160,128,219,228,117,24,237,60,152,115,53,54,5,26,31
830,116,124,99,178,213,147,0,238,98,187,119,60,33,6,49,21
831,71,143,58,178,230,105,29,229,60,158,128,73,39,0,99,44
832,110,164,98,209,199,141,11,253,46,152,97,51,30,56,40,44
833,109,141,81,207,190,118,1,251,91,120,182,59,34,28,56,62
834,109,190,66,187,241,143,0,204,101,187,121,22,26,7,99,3
835,64,146,127,200,183,125,15,216,53,159,130,77,28,57,112,22
836,110,148,86,180,200,121,10,250,61,165,174,30,3,27,66,12
837,126,145,150,227,199,101,14,238,80,175,137,47,50,12,49,22
838,86,152,99,153,239,118,31,232,66,235,126,77,26,43,75,3
839,129,177,104,199,199,118,19,254,87,164,131,58,77,38,63,8
840,136,157,108,225,194,170,12,252,43,138,100,42,2,9,79,27
841,96,135,127,242,191,151,18,245,71,156,134,79,2,53,31,30
842,157,167,140,176,201,125,37,250,79,143,174,32,8,39,107,34
843,97,162,60,186,176,178,60,219,84,152,166,44,22,29,60,28
844,116,163,124,221,186,116,0,253,83,173,101,16,52,31,25,47
845,115,138,106,244,174,140,27,213,92,157,122,33,21,29,74,9
846,63,211,103,178,164,109,24,240,70,156,103,31,16,41,33,14
847,75,130,115,248,213,135,2,247,101,182,97,29,41,15,54,2
848,123,154,88,204,227,145,0,254,109,181,152,30,25,59,79,39
849,103,156,91,248,161,75,71,243,41,163,146,19,52,7,98,19
850,83,182,79,213,180,128,7,246,106,169,147,39,23,31,69,56
851,139,159,132,183,197,144,43,249,72,159,173,77,38,22,87,16
852,150,146,59,200,206,149,12,249,91,161,92,33,24,17,79,56
853,59,138,89,219,234,139,55,229,84,165,153,6,23,38,43,15
854,138,226,180,167,200,142,4,242,61,183,128,37,66,34,72,10
855,99,150,95,209,175,127,56,224,77,155,149,15,80,30,81,28
856,148,199,94,242,224,103,10,244,59,172,145,90,13,44,69,4
857,118,155,141,175,203,102,16,235,40,174,141,68,46,19,68,47
858,140,170,114,239,227,74,31,235,48,203,94,6,44,31,48,14
859,113,184,119,192,191,96,21,239,49,184,170,82,70,23,113,14
860,162,148,145,193,195,111,4,245,59,113,97,68,29,6,104,29
861,115,145,150,204,177,149,22,235,77,176,187,27,42,69,89,26
862,113,176,80,169,192,134,27,236,69,176,122,15,32,34,66,30
863,115,111,133,238,209,92,26,255,77,203,149,46,35,2,51,16
864,88,141,120,202,225,97,19,235,64,93,120,47,60,22,27,5
865,101,184,159,210,156,82,27,245,71,163,129,36,12,5,25,3
866,123,163,78,183,153,116,65,214,39,179,120,89,9,1,69,21
867,114,141,98,195,210,29,31,235,30,141,148,84,40,26,71,18
868,134,129,100,219,206,159,1,229,64,178,182,76,31,49,42,10
869,107,182,158,199,250,143,17,231,98,200,139,14,94,7,115,11
870,87,193,111,166,242,118,28,225,108,203,169,110,72,46,130,63
871,103,128,105,200,199,113,37,252,34,166,111,11,32,8,68,12
872,155,176,89,204,204,103,15,226,91,118,169,49,42,40,41,7
873,136,108,74,198,215,158,13,229,44,233,131,18,45,71,63,12
874,77,159,95,190,210,88,20,214,59,164,145,61,53,10,141,40
875,86,129,141,210,196,122,27,245,78,166,124,38,87,21,86,9
876,120,114,96,229,183,149,29,253,111,186,120,47,16,63,87,30
877,127,127,119,148,196,91,27,240,101,166,140,105,51,56,25,27
878,109,159,128,181,191,106,7,185,26,130,140,26,75,5,49,60
879,126,152,62,209,217,149,12,245,88,172,146,2,53,22,52,15
880,125,194,104,241,225,99,38,228,82,138,132,32,22,6,54,50
881,100,181,128,227,209,190,18,254,131,126,139,61,42,1,105,10
882,109,161,78,203,175,123,7,239,133,158,122,59,51,12,25,63
883,65,123,136,162,163,157,24,250,104,145,112,72,41,16,48,42
884,125,116,115,166,222,150,21,228,63,151,157,28,45,43,87,5
885,90,152,120,229,199,111,46,235,58,172,116,3,28,30,37,61
886,139,209,137,195,194,117,3,251,89,161,96,92,22,18,111,46
887,72,128,106,188,165,131,2,188,74,163,113,53,30,49,64,19
888,95,185,107,239,214,135,29,219,61,171,118,42,11,41,73,21
889,157,170,124,193,203,117,24,220,56,136,99,33,17,21,84,14
890,90,172,129,237,209,135,14,228,37,139,98,55,60,23,79,7
891,124,91,161,238,199,151,37,243,45,195,83,43,13,9,66,52
892,132,136,87,188,191,103,0,253,55,224,114,50,9,3,11,30
893,124,146,122,182,228,106,35,232,68,139,156,20,34,23,66,25
894,103,137,117,226,186,135,5,245,74,160,166,54,47,29,60,33
895,109,195,98,227,213,120,14,220,19,154,179,65,40,43,87,23
896,127,151,90,156,210,186,13,245,28,121,156,79,72,14,65,31
897,155,161,118,137,158,139,8,239,55,168,145,43,2,5,21,2
898,113,156,110,187,199,123,43,229,42,214,107,48,38,26,63,17
899,124,155,108,227,226,150,13,254,66,126,146,53,28,17,69,26
900,144,95,139,167,228,183,34,217,69,173,94,49,55,16,77,15
901,109,171,72,233,200,101,41,238,62,145,154,41,64,20,64,1
902,111,132,108,228,209,99,50,231,52,175,102,38,40,19,93,57
903,127,142,138,205,177,146,17,226,93,146,98,37,32,2,46,40
904,97,127,130,185,250,162,11,242,79,156,161,32,2,45,84,7
905,72,141,91,195,195,159,40,225,80,178,105,30,24,9,64,66
906,125,134,132,208,208,154,1,239,94,155,122,69,12,27,97,52
907,108,133,120,249,178,112,33,247,63,153,119,83,5,19,77,26
908,128,176,54,243,149,107,1,221,77,166,114,33,25,32,71,30
909,81,151,82,240,219,145,26,236,43,136,141,85,45,7,35,35
910,156,134,80,201,193,187,53,239,84,141,200,28,49,24,30,26
911,132,141,105,203,159,122,7,251,65,165,176,30,47,8,88,11
912,82,114,101,198,158,108,22,204,32,158,148,57,44,10,44,31
913,123,172,124,167,201,121,49,234,88,205,136,23,2,9,65,3
914,115,120,138,229,211,106,17,221,57,164,149,52,64,1,78,43
915,98,119,126,192,196,130,33,241,103,173,145,45,61,59,64,17
916,146,182,71,170,222,165,48,229,62,182,110,76,20,4,77,27
917,101,128,105,171,214,203,6,252,54,156,130,48,75,24,65,41
918,118,133,164,197,188,128,35,229,99,151,141,57,84,19,106,37
919,107,74,110,202,205,84,6,237,78,160,133,31,15,63,57,4
920,126,170,81,162,212,99,26,248,81,161,169,77,40,77,63,37
921,118,142,112,241,227,153,22,248,84,160,79,40,27,45,26,15
922,121,123,99,181,196,80,14,249,102,151,134,104,86,23,103,27
923,83,128,136,199,189,94,1,248,132,149,126,57,9,14,52,20
924,90,150,77,220,155,142,47,224,39,172,148,33,17,18,99,8
925,80,150,125,209,219,93,17,238,99,182,120,45,35,17,55,28
926,77,208,125,196,183,177,23,248,11,188,133,47,24,12,42,43
927,83,121,110,220,204,137,16,245,75,140,172,18,20,42,48,28
928,147,142,132,171,171,151,17,226,78,128,113,36,66,21,105,26
929,164,143,180,192,183,124,38,254,79,168,107,27,15,32,40,36
930,146,177,155,195,203,72,26,220,90,185,119,68,23,35,98,17
931,119,178,101,205,203,122,31,248,71,166,166,35,45,2,84,8
932,69,167,93,183,201,97,10,232,92,155,157,85,13,27,61,8
933,120,143,30,202,187,111,18,244,57,164,155,81,9,41,57,4
934,103,172,126,192,233,108,37,229,81,184,116,66,35,9,69,32
935,173,185,120,213,170,123,3,250,76,149,128,52,34,18,58,16
936,121,147,96,175,182,128,42,245,82,202,127,35,0,31,62,73
937,101,158,114,234,184,60,59,237,53,183,117,53,44,58,29,41
938,98,121,116,214,171,97,25,230,68,185,187,50,38,43,63,15
939,131,195,101,212,191,161,55,252,33,156,119,11,22,35,72,35
940,118,165,100,212,209,171,35,184,64,168,130,83,57,48,66,26
941,118,167,119,222,184,138,64,201,86,144,166,68,33,28,59,22
942,182,178,163,212,181,159,6,233,62,127,104,57,44,14,81,7
943,110,164,129,190,229,184,7,240,55,174,137,20,37,18,72,34
944,79,151,92,234,188,147,69,240,57,167,111,20,10,24,63,48
945,99,155,142,189,157,134,15,250,89,208,123,30,60,30,39,47
946,76,205,172,210,180,132,32,235,39,169,164,112,17,83,75,7
947,99,136,114,209,217,154,2,224,66,200,92,81,46,24,68,38
948,75,121,84,218,211,106,29,239,84,191,128,1,29,32,72,19
949,133,145,104,221,247,115,29,247,45,166,89,46,17,24,101,39
950,154,111,93,246,174,113,1,218,90,162,135,52,52,26,57,1
951,122,170,123,179,201,119,21,255,101,139,112,32,31,37,89,16
952,103,168,123,197,214,169,17,228,62,189,130,54,24,25,84,7
953,56,178,131,178,179,95,54,213,84,165,125,40,25,20,80,8
954,135,123,139,195,203,146,9,229,83,181,109,39,3,68,44,9
955,135,195,77,186,194,119,11,215,104,125,197,51,79,5,67,43
956,120,159,82,215,111,134,5,232,50,112,139,40,37,23,39,6
957,118,169,95,234,176,130,39,255,96,179,159,3,31,13,109,18
958,159,147,67,194,207,98,10,225,79,152,149,71,101,58,8,10
959,127,163,84,214,196,162,48,226,47,152,160,26,33,19,27,6
960,94,149,154,222,163,173,25,220,58,171,133,52,38,41,99,17
961,113,170,126,198,199,117,24,235,71,139,126,58,11,70,27,17
962,125,172,123,204,177,136,33,241,58,187,108,57,45,31,82,14
963,80,167,114,210,188,109,17,244,101,193,98,48,51,29,59,10
964,93,175,109,230,177,94,20,236,66,155,163,32,54,54,95,1
965,130,191,123,153,161,154,1,231,60,205,156,43,35,9,47,25
966,106,157,106,230,175,83,41,233,114,135,127,70,79,1,69,33
967,108,141,123,156,221,148,17,249,86,165,135,82,42,28,78,26
968,67,102,118,210,227,124,29,252,72,208,122,25,49,1,14,65
969,120,183,133,192,152,148,14,243,74,180,146,10,47,8,85,4
970,147,162,138,195,177,117,20,232,94,149,110,79,2,3,82,59
971,130,182,94,228,202,131,2,231,57,145,135,24,0,31,95,26
972,113,157,97,203,192,112,12,233,80,163,148,65,43,16,85,12
973,129,174,76,230,177,114,21,213,78,149,135,47,30,30,71,38
974,132,154,103,173,228,151,26,254,46,122,136,65,31,49,102,5
975,83,150,118,212,185,162,58,205,114,158,117,49,5,21,94,39
976,126,165,112,188,186,143,57,224,115,103,132,68,30,40,48,45
977,127,174,160,198,203,133,26,252,57,186,163,48,19,10,77,10
978,107,162,158,205,173,104,3,252,57,101,120,7,12,7,76,29
979,120,151,131,167,222,118,36,255,33,156,118,70,47,12,67,26
980,86,175,99,209,195,115,32,220,79,185,139,56,16,58,97,57
981,135,199,121,223,185,92,14,247,95,135,111,63,39,27,93,19
982,129,167,126,202,183,120,8,251,40,183,159,22,28,23,45,0
983,99,191,136,242,188,112,17,213,50,177,115,25,15,27,32,1
984,114,145,76,208,232,126,20,211,42,173,140,57,13,58,109,32
985,81,152,93,226,214,94,49,246,98,145,153,77,43,19,59,13
986,156,125,52,225,199,148,19,226,77,160,158,34,10,34,50,10
987,50,195,103,177,190,123,9,216,80,187,153,60,54,2,49,25
988,118,127,109,187,171,132,9,243,40,132,133,44,47,15,51,33
989,81,132,114,195,195,123,17,240,88,192,128,51,48,23,70,12
990,116,149,71,158,234,125,31,219,57,135,171,50,13,28,54,27
991,80,134,113,194,164,141,35,224,71,154,169,45,22,15,92,2
992,95,181,108,214,223,81,13,249,106,170,116,123,43,60,87,28
993,106,198,99,213,214,94,2,233,95,189,134,54,51,30,89,64
994,119,163,93,247,162,153,31,247,92,131,128,27,66,10,52,34
995,162,132,103,164,195,143,2,219,105,143,135,62,52,37,76,8
996,98,208,109,210,165,115,24,244,90,201,150,31,24,34,39,51
997,112,154,87,166,186,147,17,232,64,172,119,27,40,60,62,2
998,126,130,133,168,215,169,7,249,79,171,139,52,39,21,38,23
999,58,168,106,230,194,142,2,176,89,210,147,43,87,56,116,4
