0,201,200,206,116,231,163,23,245,164,110,66,83,79,14,239,8
1,201,176,220,135,221,170,29,207,209,96,35,5,52,33,226,7
2,215,208,238,69,202,154,48,164,190,83,90,45,43,16,219,20
3,230,174,248,154,227,154,59,240,197,77,117,32,67,3,230,1
4,224,154,225,92,190,164,70,251,170,77,111,0,62,13,206,24
5,222,176,249,144,174,186,45,240,228,105,70,21,15,39,200,13
6,223,119,225,172,214,118,34,242,172,103,82,46,89,27,228,58
7,245,202,236,155,230,214,21,218,230,83,42,16,41,23,244,26
8,248,189,231,114,216,173,15,228,188,90,78,63,66,15,233,32
9,221,193,237,134,194,151,65,220,180,80,54,87,87,5,220,7
10,214,191,252,117,218,187,30,208,196,110,85,51,45,10,204,8
11,178,199,253,113,244,201,15,235,206,71,93,19,69,5,241,17
12,212,200,247,69,211,172,25,196,196,22,78,42,46,12,176,10
13,228,130,215,127,170,167,43,220,231,46,33,23,58,16,208,18
14,223,224,239,130,179,188,86,223,208,114,109,64,93,7,215,44
15,194,199,250,95,244,132,0,229,230,56,67,23,36,3,229,0
16,210,210,211,136,200,173,36,249,200,94,137,27,41,17,215,11
17,218,194,199,94,239,162,2,231,208,60,81,17,63,13,194,19
18,234,187,248,150,211,150,11,252,191,66,68,55,8,16,225,19
19,181,223,227,108,222,166,4,246,228,65,40,24,27,13,252,25
20,244,231,214,116,210,146,5,240,227,81,57,45,80,5,176,9
21,203,173,233,101,244,150,41,247,237,22,67,26,77,54,239,39
22,246,173,255,146,218,170,33,233,222,45,74,14,68,1,206,69
23,185,226,226,53,243,164,4,229,236,32,54,76,69,8,151,1
24,240,238,232,61,172,195,55,227,243,83,30,13,68,24,216,19
25,76,77,4,157,155,230,210,135,6,129,33,150,18,156,0,232
26,59,67,7,157,139,196,250,191,32,51,26,79,0,173,18,238
27,28,102,14,123,129,201,188,151,7,78,2,114,22,194,57,219
28,54,55,5,147,118,242,206,150,40,97,65,82,10,128,35,182
29,6,69,14,140,97,161,227,142,31,86,17,106,44,180,6,182
30,29,92,7,148,118,187,206,168,7,111,43,56,12,198,20,177
31,13,50,22,213,119,217,236,206,17,131,35,126,47,126,53,198
32,21,69,2,129,106,208,205,138,13,102,28,87,21,166,1,201
33,29,54,9,101,130,231,231,202,17,74,9,85,21,119,48,185
34,46,106,28,169,106,185,214,156,33,102,10,143,17,247,39,183
35,18,67,15,189,112,165,235,168,45,73,10,108,39,118,24,210
36,58,59,30,185,129,220,208,146,1,99,7,111,44,188,27,170
37,17,46,1,143,82,195,184,160,4,129,23,129,63,198,26,208
38,38,110,11,166,93,204,240,173,3,94,6,112,49,163,30,191
39,45,68,47,156,153,155,214,186,31,102,15,103,44,176,5,232
40,25,48,1,139,95,198,218,156,25,71,10,68,73,199,37,221
41,42,61,2,165,94,165,192,169,10,88,3,101,11,181,59,217
42,2,32,16,149,63,202,174,174,27,51,48,144,28,184,48,208
43,26,103,26,163,112,181,221,97,28,79,23,87,58,245,6,211
44,51,55,36,144,76,215,230,107,11,102,54,71,10,184,48,198
45,70,100,25,206,66,201,219,159,28,61,4,101,33,189,67,225
46,24,90,26,151,176,214,235,127,0,105,15,109,12,195,69,171
47,31,29,5,207,127,208,213,146,37,46,13,136,34,172,20,201
48,35,48,45,168,110,205,183,136,66,104,21,132,30,184,42,200
49,45,23,10,153,183,175,171,154,52,95,4,131,4,211,0,162
50,64,161,220,152,251,12,119,195,238,16,103,46,7,137,143,114
51,50,134,240,195,248,21,121,180,209,15,85,60,37,87,124,142
52,61,150,175,208,254,15,109,209,203,6,71,86,44,76,158,74
53,60,80,214,187,222,13,152,224,253,75,119,9,70,121,168,137
54,19,128,225,156,245,50,118,219,246,33,117,51,60,121,119,59
55,78,96,229,167,225,8,142,182,228,26,133,29,42,80,129,98
56,44,193,198,193,243,27,127,162,228,35,99,91,24,99,156,36
57,17,132,193,238,238,10,94,192,222,7,151,58,50,195,136,110
58,67,141,234,157,255,10,113,229,253,57,73,44,30,112,140,106
59,34,83,206,209,254,26,107,178,233,36,94,57,7,120,116,76
60,63,124,232,161,248,38,167,214,229,29,79,22,78,103,109,57
61,52,157,236,189,249,40,142,183,248,44,126,15,68,126,128,125
62,32,92,227,163,227,20,116,230,236,40,106,53,53,125,168,137
63,54,112,194,164,232,45,100,204,248,16,82,43,32,124,199,90
64,25,148,199,180,233,25,83,179,250,30,104,70,57,111,134,129
65,24,108,247,194,201,20,106,194,234,50,95,42,57,34,128,117
66,37,85,172,194,212,3,156,193,203,46,80,67,40,139,152,109
67,45,113,174,211,248,32,137,223,217,46,103,37,31,136,98,90
68,57,97,243,205,244,12,136,202,254,72,113,30,78,95,131,114
69,9,109,232,160,244,73,129,184,255,55,60,44,27,72,162,115
70,50,114,227,211,228,15,88,210,192,10,82,64,50,125,116,161
71,35,108,206,176,250,23,155,217,228,15,79,36,46,111,152,104
72,46,121,239,143,244,11,109,186,210,2,132,60,32,110,144,118
73,59,115,228,204,240,11,118,217,247,14,112,48,12,94,165,91
74,72,61,204,226,237,31,86,228,240,13,92,27,40,106,117,101
75,248,217,49,212,7,238,170,142,171,47,179,57,221,35,71,126
76,249,223,61,232,47,241,190,124,141,104,155,52,234,94,76,116
77,233,194,98,235,14,220,223,85,160,20,171,55,255,92,123,108
78,225,226,70,183,10,240,184,141,131,30,220,91,232,170,102,107
79,214,242,94,176,5,232,129,163,177,47,167,64,220,97,15,149
80,244,216,68,187,4,251,143,151,154,17,174,102,233,113,90,69
81,209,229,33,226,24,238,172,140,167,48,152,116,203,137,98,85
82,253,249,62,187,43,212,180,105,156,14,219,87,252,106,67,112
83,253,245,23,206,78,191,200,110,149,41,183,110,231,129,69,73
84,254,216,86,177,42,221,198,118,143,19,163,39,190,102,42,117
85,238,176,86,205,55,211,189,105,136,40,150,69,236,137,75,162
86,238,212,95,154,27,215,152,198,173,75,178,53,219,123,85,111
87,232,242,38,222,4,236,187,142,183,47,142,155,236,123,149,84
88,242,253,70,193,32,237,204,109,162,73,178,82,230,79,92,96
89,244,192,60,196,53,251,192,135,178,45,160,101,199,97,67,100
90,241,250,114,234,32,229,147,134,129,64,177,63,217,113,74,96
91,245,222,57,211,31,194,206,81,140,84,185,106,206,122,153,124
92,247,173,55,173,9,239,198,113,146,39,132,78,244,95,71,134
93,241,157,50,224,25,164,219,163,171,21,211,104,203,113,37,105
94,232,209,75,231,18,251,207,121,144,79,178,76,251,126,44,95
95,236,244,66,218,14,219,179,144,203,59,223,130,249,108,86,117
96,231,237,78,209,16,212,169,169,178,86,217,34,253,126,74,145
97,236,221,73,223,22,239,199,125,183,60,206,89,240,105,83,124
98,244,218,84,178,54,255,192,131,208,96,177,96,216,94,72,55
99,235,246,62,205,12,197,171,137,138,37,219,129,249,112,109,76
