0,176,53,160,140,158,201,249,75,171,28,202,64,228,225,180,231
1,30,96,110,57,76,80,2,236,18,45,66,223,39,181,183,140
2,27,193,172,109,240,145,253,7,207,248,58,24,181,63,157,76
3,119,221,43,131,62,124,131,132,58,129,206,231,26,2,145,165
4,238,230,210,58,84,149,46,21,71,61,25,145,168,5,219,165
5,240,207,80,25,137,9,197,35,123,223,76,233,16,161,112,59
6,148,144,37,36,87,144,147,63,80,80,31,211,72,219,193,243
7,133,159,191,56,22,184,194,141,122,7,200,76,19,35,63,154
8,20,7,120,120,105,145,13,144,215,66,20,181,164,108,133,123
9,194,178,181,157,146,210,33,79,253,212,89,38,59,254,48,36
10,230,181,106,36,25,238,126,200,174,126,67,3,195,121,184,225
11,69,198,202,149,116,186,178,14,157,19,213,33,187,217,229,93
12,193,50,239,117,149,145,61,160,91,224,5,34,250,127,182,42
13,118,220,167,138,152,28,123,210,77,4,216,246,28,151,196,8
14,225,53,215,143,240,42,92,73,252,199,234,134,165,76,132,46
15,245,54,251,131,208,62,211,233,56,19,176,7,28,169,244,1
16,54,193,209,29,171,192,55,194,191,150,1,132,198,34,143,234
17,56,236,44,38,5,244,8,201,119,66,157,136,171,23,144,54
18,25,51,110,185,4,38,208,113,108,33,189,2,13,211,233,66
19,228,133,70,169,90,177,17,124,20,188,247,205,150,213,125,74
20,229,154,152,142,144,204,122,131,141,140,242,118,192,101,102,169
21,88,45,170,65,205,63,210,27,232,36,173,37,84,206,117,98
22,16,222,19,182,140,119,82,152,160,35,116,198,6,174,40,52
23,235,246,243,142,234,145,101,201,209,13,160,216,117,60,186,157
24,56,62,114,203,130,85,253,55,229,154,212,126,35,124,31,143
25,102,171,157,119,249,59,248,190,176,38,91,184,56,183,251,175
26,159,152,11,52,171,243,65,141,62,63,182,224,9,180,241,104
27,40,182,234,3,49,10,179,219,204,148,172,207,200,136,221,47
28,162,11,103,175,150,154,221,241,168,163,69,76,216,248,202,184
29,140,148,128,178,122,58,46,65,255,4,150,161,156,192,188,2
30,163,98,182,139,148,129,54,181,196,44,69,128,197,74,165,118
31,249,88,68,194,39,213,240,118,63,234,32,139,123,141,18,121
32,230,207,178,36,113,108,80,190,246,32,66,52,219,54,118,57
33,44,202,248,245,59,165,128,146,242,105,133,188,166,80,12,146
34,232,132,143,19,228,35,145,99,156,155,91,142,43,248,201,65
35,55,136,18,83,183,86,128,246,166,124,58,65,171,244,206,228
36,164,139,93,151,81,84,215,26,215,249,46,236,223,32,76,97
37,183,196,73,90,103,50,84,8,143,196,88,176,83,10,225,182
38,84,124,105,185,69,73,80,107,107,45,87,140,175,65,195,95
39,181,11,112,51,181,252,216,125,99,138,226,236,64,30,83,188
40,35,129,33,169,66,9,174,171,51,146,26,136,61,24,236,52
41,204,165,250,88,2,110,166,170,9,116,96,123,170,216,253,251
42,83,36,235,209,73,91,26,1,170,160,157,174,213,184,208,182
43,244,250,207,53,7,219,96,91,157,106,99,253,194,79,126,95
44,93,125,131,39,167,28,126,54,9,31,72,178,20,54,1,48
45,145,152,202,71,179,112,145,186,72,39,95,59,57,47,91,110
46,129,29,79,46,143,138,150,204,119,66,190,55,242,86,65,92
47,39,56,132,42,24,144,147,180,107,8,97,71,113,14,208,175
48,76,96,49,61,242,226,79,219,216,56,241,46,179,187,30,76
49,80,103,214,40,212,221,10,120,166,123,38,63,202,148,209,48
50,150,123,91,114,31,224,247,65,165,168,219,23,57,19,242,184
51,101,47,149,191,134,88,98,106,46,173,12,38,158,209,177,190
52,113,235,156,233,167,169,182,139,95,168,73,145,65,202,214,55
53,82,91,14,162,194,39,228,49,248,225,98,82,89,101,255,66
54,145,173,166,164,7,137,210,58,21,154,77,199,0,184,2,226
55,45,201,196,170,17,119,210,68,60,252,148,245,62,222,3,197
56,165,199,219,177,152,32,74,192,132,131,198,59,165,88,20,219
57,247,78,221,77,109,8,17,130,204,191,181,68,76,220,119,157
58,37,168,13,6,63,101,45,208,68,74,136,98,69,248,207,67
59,27,171,222,6,203,206,226,86,191,55,227,176,200,117,226,77
60,29,209,195,151,105,12,83,118,144,116,164,155,169,108,183,25
61,23,15,22,52,36,65,36,225,241,213,11,186,236,89,37,123
62,97,84,117,38,198,213,208,114,34,195,66,5,123,197,45,120
63,230,177,74,252,134,191,169,172,217,194,140,229,67,55,179,164
64,189,163,73,76,75,47,190,100,160,83,170,165,101,138,104,205
65,151,244,36,151,168,156,16,104,53,220,48,57,27,230,249,232
66,156,48,201,54,255,201,213,60,35,157,215,108,137,233,226,108
67,155,164,212,165,133,73,182,49,8,228,8,227,168,201,109,140
68,157,94,27,164,255,123,73,115,84,245,50,144,230,116,181,14
69,73,185,119,241,121,36,43,220,111,103,163,113,72,252,208,152
70,164,67,50,155,85,17,125,145,148,239,236,200,26,215,93,190
71,23,55,185,50,105,101,182,211,202,201,35,33,111,186,29,43
72,217,185,127,79,15,127,250,119,200,64,107,210,19,23,108,171
73,7,151,48,63,102,169,110,242,188,12,172,204,174,140,159,240
74,36,68,155,200,23,232,62,244,45,130,92,227,30,199,174,96
75,198,66,248,73,99,166,81,242,126,196,182,237,109,174,184,61
76,151,68,113,196,86,21,205,38,198,122,223,94,217,201,49,239
77,9,162,13,127,94,121,248,220,6,190,180,56,194,67,216,92
78,82,0,104,76,152,194,23,29,228,64,83,118,148,8,195,118
79,151,59,221,179,160,24,76,4,135,211,158,87,235,191,27,127
80,88,246,0,129,183,81,166,81,54,224,57,28,139,185,88,159
81,136,96,154,120,121,100,207,15,196,116,214,51,243,20,24,218
82,220,10,121,42,141,93,29,86,0,234,187,203,144,153,223,119
83,64,239,204,54,253,93,237,127,179,96,234,95,248,38,91,102
84,129,248,234,115,35,174,130,95,213,116,75,172,144,171,1,60
85,148,165,155,188,81,246,223,75,1,12,182,24,153,248,14,207
86,15,164,98,108,175,14,82,13,112,10,223,148,133,252,82,140
87,178,127,85,194,241,11,152,0,220,66,90,96,5,33,75,10
88,34,175,122,181,210,125,232,0,36,19,80,91,71,231,108,129
89,47,173,186,239,136,246,62,229,158,105,153,174,52,251,163,21
90,68,230,236,247,153,78,175,179,89,34,78,10,199,82,118,51
91,217,152,122,207,191,74,180,180,201,3,12,189,189,25,71,92
92,8,2,165,126,199,149,157,40,162,194,118,100,45,120,154,37
93,173,118,118,73,157,38,172,77,212,218,182,240,221,124,104,76
94,142,45,209,161,229,138,126,208,235,34,3,72,88,171,229,28
95,148,239,63,5,228,179,201,0,84,94,116,205,23,8,60,142
96,6,235,104,85,142,60,144,73,56,70,159,106,72,155,28,218
97,72,89,77,89,248,62,82,214,247,184,204,24,1,185,56,104
98,162,193,184,130,143,48,228,92,120,23,202,233,235,158,243,75
99,244,250,121,31,201,112,230,106,207,5,148,4,178,30,240,203
100,126,61,102,138,59,91,17,201,241,243,104,55,204,120,55,144
101,4,231,45,15,62,46,201,194,123,76,251,244,87,144,39,133
102,0,194,116,140,146,255,180,88,192,32,227,227,45,35,104,123
103,178,235,217,14,174,149,59,191,161,158,109,102,107,172,142,34
104,44,175,193,229,166,234,60,184,235,191,111,180,2,26,54,241
105,194,1,30,249,216,154,86,134,56,238,212,103,24,139,171,244
106,103,81,131,93,200,148,131,164,140,159,234,163,78,164,120,183
107,240,231,58,96,222,198,2,127,49,13,182,45,52,67,111,188
108,56,38,63,157,243,158,178,207,140,148,215,41,112,161,4,36
109,160,52,49,203,203,153,109,85,234,106,178,62,115,32,0,140
110,119,249,196,82,8,55,248,29,123,172,250,106,197,86,253,65
111,48,136,47,227,26,13,154,131,2,240,211,186,43,33,34,68
112,119,65,157,141,70,215,132,161,242,227,14,183,64,189,9,206
113,147,80,173,36,195,179,115,231,246,161,77,56,74,59,218,62
114,160,94,126,223,135,235,89,237,24,195,22,233,88,209,243,176
115,145,144,206,134,75,254,238,226,27,97,8,190,240,212,181,160
116,0,33,53,167,202,207,101,25,171,117,209,21,231,97,64,79
117,67,71,124,146,96,31,190,128,109,107,147,82,37,5,68,222
118,79,35,149,32,120,188,101,42,47,192,200,29,101,225,43,80
119,73,227,192,131,112,18,16,34,171,254,238,166,64,31,61,218
120,239,115,217,165,241,7,30,45,164,127,116,143,13,187,145,69
121,38,67,217,210,204,65,215,60,82,184,182,86,105,232,209,57
122,86,19,12,175,230,78,91,171,92,5,12,107,103,162,73,192
123,99,201,141,193,205,74,32,150,231,37,42,73,200,36,166,86
124,118,190,236,6,235,249,61,219,95,242,100,59,180,103,106,76
125,217,3,59,91,130,106,250,148,23,247,139,164,210,214,4,101
126,152,144,195,183,218,169,84,34,227,246,114,255,193,208,252,216
127,184,96,39,117,91,6,104,13,49,123,97,214,64,199,178,61
128,39,233,198,55,111,255,8,93,99,15,238,125,158,235,154,254
129,190,117,133,29,100,213,220,39,104,179,21,66,41,206,246,76
130,246,58,110,73,183,73,207,114,191,167,135,98,190,102,121,195
131,41,89,189,11,120,41,195,186,124,171,110,252,192,85,76,50
132,124,8,75,18,180,138,173,167,245,56,67,191,246,104,103,50
133,215,140,114,135,7,227,163,195,39,119,99,36,58,165,66,133
134,123,218,217,242,216,108,133,74,247,206,115,94,227,107,47,101
135,31,244,194,72,213,118,57,88,236,104,214,88,86,109,9,64
136,168,100,205,139,178,138,179,24,6,6,193,111,55,148,236,125
137,223,99,67,204,68,158,49,172,179,241,160,188,12,12,44,90
138,193,141,98,138,114,161,119,249,50,247,230,20,106,14,200,246
139,64,56,62,173,164,43,227,151,190,181,128,34,225,33,248,8
140,156,198,38,165,162,31,171,121,101,148,114,58,81,235,172,243
141,169,141,170,104,4,116,161,39,109,83,104,195,92,210,14,34
142,165,45,184,80,177,147,68,142,137,245,57,91,20,250,90,229
143,112,112,91,32,11,229,13,191,101,93,166,25,38,96,167,56
144,87,4,23,172,188,132,36,46,59,24,216,137,19,44,113,39
145,184,183,250,224,83,54,5,60,119,249,100,73,76,112,254,202
146,43,251,214,53,26,28,182,38,156,147,214,94,41,238,231,249
147,9,224,48,201,207,186,146,160,242,192,15,175,37,158,110,50
148,112,200,229,160,55,67,216,184,180,178,236,61,211,11,99,107
149,27,128,148,202,174,86,109,200,186,69,20,253,98,203,183,170
150,173,141,66,121,39,143,148,141,228,139,218,115,195,144,18,174
151,86,198,209,62,72,151,135,177,184,207,127,117,183,179,247,5
152,224,153,54,243,137,158,34,99,248,128,104,171,81,41,94,79
153,136,144,144,18,144,102,39,188,39,198,240,189,188,60,198,145
154,70,241,136,121,40,73,184,17,68,179,251,62,84,136,26,217
155,80,142,153,223,138,226,17,128,42,78,115,200,94,10,10,152
156,12,43,46,117,228,64,170,69,93,237,74,218,226,72,147,100
157,187,248,178,123,69,213,60,169,62,151,180,95,135,214,238,25
158,124,30,252,200,97,127,87,157,225,113,176,6,110,209,21,135
159,153,82,188,131,219,84,143,86,2,90,15,188,95,2,146,27
160,23,226,205,141,248,42,92,117,218,71,154,251,213,195,90,58
161,9,200,143,101,246,240,54,138,206,7,252,193,183,238,215,53
162,45,157,177,128,109,73,156,16,50,112,147,88,199,85,101,27
163,181,144,15,86,93,26,247,32,165,40,88,74,26,147,234,185
164,100,164,140,173,239,226,147,127,187,144,110,44,28,68,78,160
165,70,233,1,209,252,26,32,202,249,115,18,18,255,220,241,4
166,183,112,188,213,216,246,115,214,83,140,8,222,135,188,116,177
167,138,36,26,0,0,50,120,153,196,10,168,186,162,59,101,134
168,104,220,56,5,176,225,144,36,148,144,49,108,52,188,166,40
169,214,60,208,167,107,84,198,140,119,111,13,95,6,9,162,221
170,104,63,173,238,1,149,156,191,157,12,35,127,201,138,173,190
171,21,134,97,8,178,10,92,174,64,172,99,81,146,29,23,177
172,180,201,20,117,92,64,40,76,114,37,39,222,73,150,207,225
173,15,238,160,55,227,242,55,53,28,37,28,95,224,46,174,162
174,37,193,79,247,58,199,252,25,112,15,202,185,98,112,181,239
175,106,67,244,119,202,95,39,45,77,159,236,61,36,107,221,244
176,60,5,51,200,13,170,181,62,82,219,52,68,158,46,69,93
177,211,23,32,255,160,158,135,50,151,248,35,130,197,222,224,81
178,87,104,163,114,38,201,49,6,81,61,29,61,240,228,229,73
179,237,179,60,193,188,88,253,167,216,18,219,194,140,10,169,68
180,232,84,20,33,214,133,74,31,211,184,222,184,55,138,172,239
181,104,146,118,174,201,149,207,2,120,103,140,59,8,76,243,209
182,22,73,31,209,89,199,94,23,52,193,27,207,23,247,1,141
183,208,249,7,230,5,231,61,154,37,218,114,163,138,125,9,192
184,93,167,131,179,2,101,34,161,37,82,149,170,190,76,39,42
185,150,23,236,109,255,39,110,127,113,45,93,137,79,82,186,6
186,150,72,43,71,52,104,65,34,23,113,136,93,15,107,52,208
187,201,59,214,211,94,103,103,220,183,179,82,210,70,4,243,228
188,6,110,179,180,148,183,80,4,69,32,56,31,172,235,246,163
189,4,152,221,91,43,114,141,98,221,167,144,203,8,178,141,31
190,208,130,223,218,10,156,130,91,207,72,14,94,107,12,71,103
191,20,28,107,14,37,122,60,63,111,193,112,91,101,9,201,245
192,100,30,157,148,4,177,180,72,104,13,217,40,174,43,76,241
193,208,215,229,89,144,98,222,19,129,113,164,197,36,165,239,39
194,107,245,251,190,124,169,67,172,30,22,169,111,29,64,30,252
195,168,116,148,148,19,39,30,125,244,84,76,143,95,194,168,184
196,149,251,157,109,67,127,42,166,177,72,196,163,75,207,103,236
197,105,67,73,11,23,241,155,167,140,79,115,241,9,154,120,212
198,239,109,46,227,23,126,245,80,7,112,68,44,189,229,106,245
199,182,80,59,254,41,57,179,94,84,233,98,113,24,25,239,91
200,33,35,80,186,244,179,251,78,40,91,194,52,210,144,239,47
201,177,19,170,27,226,161,205,50,226,72,77,7,208,64,255,153
202,40,175,137,202,53,58,102,164,96,229,168,82,22,95,170,18
203,98,40,179,234,218,220,196,33,230,108,230,101,185,211,7,168
204,3,217,174,73,239,241,142,86,230,119,159,133,121,88,135,217
205,79,158,238,190,23,64,201,72,151,15,68,207,183,201,2,246
206,213,223,68,158,29,3,21,74,165,113,152,20,231,248,97,78
207,195,88,65,151,133,123,98,35,110,189,178,22,196,243,109,121
208,251,15,107,115,2,224,92,251,143,12,242,188,202,177,173,136
209,83,247,112,124,243,224,241,203,184,159,202,38,216,116,81,8
210,150,46,183,129,96,12,190,117,13,42,61,190,238,108,142,255
211,22,223,239,210,25,224,68,203,129,110,128,170,107,101,254,97
212,16,48,146,142,234,85,29,20,1,151,30,63,72,130,210,160
213,13,197,108,45,23,26,184,239,77,33,126,81,36,81,244,86
214,15,195,151,41,123,232,52,142,219,57,199,139,44,198,103,53
215,66,85,151,21,11,147,103,172,42,200,95,39,43,224,122,163
216,97,41,101,159,153,197,62,203,73,182,153,169,87,1,176,199
217,37,97,171,69,24,138,225,131,152,17,74,134,154,74,90,233
218,93,229,120,171,180,23,104,0,243,7,84,200,111,118,82,92
219,141,40,46,235,132,115,245,244,199,12,102,36,159,13,85,93
220,50,182,118,84,178,238,141,151,214,125,114,12,96,233,230,167
221,254,43,114,83,78,141,3,123,160,151,176,183,184,98,188,148
222,185,102,131,149,58,213,194,90,172,180,22,42,26,163,30,27
223,154,20,84,152,209,156,96,17,52,249,169,179,154,241,186,254
224,48,234,8,48,71,204,47,114,237,1,24,105,62,245,209,237
225,75,42,177,198,228,66,69,184,238,52,101,162,59,70,201,137
226,107,77,123,66,131,39,176,162,229,196,182,111,41,196,124,118
227,163,223,34,249,13,126,199,150,41,135,115,144,127,141,215,239
228,3,249,169,10,220,195,206,84,91,50,89,112,226,144,165,138
229,237,227,108,244,39,196,101,14,145,157,37,25,16,9,145,40
230,238,192,244,109,238,41,119,238,84,20,251,53,121,121,184,45
231,247,83,52,173,25,63,151,106,223,240,181,136,212,204,102,138
232,22,68,20,181,163,10,13,233,103,234,173,121,58,207,198,54
233,13,114,107,90,18,172,246,142,101,223,197,147,142,50,171,15
234,95,44,211,4,161,159,65,61,33,13,176,30,82,155,181,91
235,177,119,248,115,196,91,106,44,244,239,191,44,30,160,118,70
236,163,164,72,0,252,100,54,137,9,60,186,193,87,168,97,40
237,121,232,37,38,37,206,227,14,146,195,141,243,237,253,160,107
238,40,182,11,63,167,191,118,144,176,22,199,35,45,151,33,89
239,182,10,61,211,60,125,41,220,139,66,53,183,246,113,117,42
240,0,240,235,226,52,1,47,115,91,13,24,233,217,102,69,32
241,61,226,242,244,107,53,46,243,82,111,202,153,251,228,148,136
242,235,221,155,242,81,68,68,65,188,69,191,57,184,3,244,219
243,241,64,252,3,193,160,113,195,182,112,66,63,94,190,119,122
244,37,204,227,241,136,182,166,66,75,226,87,174,146,94,0,163
245,127,101,115,217,208,102,243,53,242,72,164,170,24,101,47,159
246,173,106,201,35,211,184,121,154,166,80,75,38,33,117,37,84
247,204,181,105,6,142,113,47,156,16,196,18,29,94,4,195,170
248,126,175,55,22,95,104,138,167,145,241,69,232,110,234,50,120
249,157,248,65,162,175,217,168,171,25,20,52,160,104,8,200,236
250,65,151,162,221,38,5,142,177,8,196,52,163,157,150,164,149
251,237,176,63,22,14,229,130,251,168,152,128,157,215,230,153,142
252,242,49,41,132,201,186,180,96,226,120,113,198,155,155,42,110
253,130,254,220,94,156,187,162,146,69,93,217,21,76,163,202,246
254,246,124,182,68,39,67,250,125,140,115,129,179,46,124,151,169
255,46,152,78,69,72,32,226,249,32,208,19,234,154,147,60,201
256,46,149,149,232,70,250,221,116,95,74,243,73,240,178,192,90
257,73,80,214,27,124,235,208,85,150,21,205,205,29,228,99,39
258,124,184,19,236,244,194,197,47,252,39,220,69,171,64,205,253
259,222,173,70,97,143,140,120,21,20,160,46,55,193,104,59,127
260,52,143,141,222,186,82,207,166,78,165,111,1,150,210,108,85
261,17,22,66,240,205,57,192,150,203,114,250,6,30,22,103,153
262,21,88,134,105,139,97,87,203,148,150,53,11,4,208,124,185
263,55,8,198,26,113,60,201,99,184,142,135,45,70,221,253,66
264,35,83,55,168,184,54,213,48,10,67,92,12,235,253,159,64
265,31,230,96,64,56,226,227,116,135,25,15,1,180,38,127,36
266,1,8,25,38,173,20,138,0,155,147,170,152,210,12,57,100
267,27,209,171,102,232,137,142,244,192,179,220,154,219,167,134,70
268,64,221,237,32,246,14,110,187,54,172,136,75,172,196,95,129
269,51,24,137,60,99,81,6,23,214,122,214,209,226,234,144,179
270,34,120,200,121,251,181,251,64,47,127,171,192,18,22,48,198
271,17,184,151,35,196,238,220,119,128,63,232,87,254,31,132,207
272,74,123,148,236,21,43,58,153,52,200,221,231,94,193,30,7
273,39,102,95,170,249,26,29,118,238,114,201,100,250,167,96,208
274,239,8,139,247,84,21,157,24,94,253,95,46,54,236,160,2
275,127,180,199,0,99,42,132,44,81,56,155,124,85,231,149,226
276,250,154,62,246,155,239,48,56,210,178,105,6,242,75,213,132
277,202,192,59,231,1,62,60,94,54,51,234,211,151,216,137,119
278,155,177,135,7,118,68,137,200,118,230,74,67,106,60,146,253
279,33,249,25,155,153,155,176,1,54,128,138,197,64,214,211,55
280,214,204,7,25,54,64,15,224,66,203,160,205,173,110,91,246
281,250,109,213,47,105,161,223,190,130,96,208,235,216,52,151,37
282,130,50,148,186,220,40,13,29,155,119,49,52,23,126,209,250
283,206,52,93,235,224,224,202,5,186,22,168,68,180,20,155,100
284,60,21,48,29,56,50,12,169,77,11,224,151,81,32,0,95
285,0,97,56,27,213,209,102,43,159,115,6,252,207,245,123,40
286,212,120,245,217,224,65,1,136,150,198,64,100,176,68,38,124
287,105,7,225,223,203,177,155,8,24,151,59,74,82,139,153,82
288,169,117,127,229,88,250,196,178,196,144,62,117,130,185,100,202
289,42,215,232,107,178,253,216,170,15,93,155,227,63,90,46,49
290,126,72,87,65,22,194,86,117,237,114,113,1,181,214,211,102
291,35,192,63,72,179,6,169,135,156,0,16,146,189,134,14,238
292,69,179,217,232,177,24,113,156,53,122,130,234,111,165,148,137
293,170,46,86,8,128,55,229,187,16,106,249,88,145,115,155,35
294,90,44,18,112,238,213,233,230,51,154,46,225,253,7,68,91
295,243,83,105,248,166,108,222,212,72,181,242,178,50,155,92,21
296,181,100,35,228,0,199,87,64,222,241,112,229,183,97,96,184
297,172,1,139,71,102,242,40,157,224,98,246,119,12,38,204,32
298,149,152,157,94,149,49,146,73,156,9,57,155,59,72,19,94
299,82,152,246,41,149,169,102,126,181,188,93,196,94,205,206,198
300,27,57,91,207,39,172,117,166,222,129,80,255,149,171,247,251
301,181,130,17,113,253,193,166,216,62,237,50,145,73,114,80,226
302,93,92,86,142,15,229,117,145,210,173,206,233,200,2,58,178
303,55,195,179,35,198,155,207,248,56,70,116,81,119,250,159,147
304,107,134,250,16,230,194,124,66,173,166,176,246,64,251,188,125
305,61,22,39,131,99,80,145,5,45,51,163,53,241,246,227,65
306,205,69,119,102,155,101,153,143,6,72,13,63,167,42,141,253
307,83,30,107,25,132,81,110,132,69,106,56,129,147,121,73,83
308,243,17,141,239,224,140,249,104,202,163,103,108,154,58,100,51
309,139,42,42,51,138,172,71,216,248,191,112,126,172,189,92,11
310,24,16,88,192,79,219,176,137,67,97,154,168,206,26,119,163
311,137,3,248,88,8,111,252,88,15,48,251,132,60,4,9,14
312,34,23,149,77,217,127,202,6,178,145,226,225,17,182,76,92
313,205,83,68,58,194,182,150,101,120,162,4,157,94,59,210,16
314,240,142,234,193,250,182,48,19,4,118,135,231,176,163,239,109
315,171,24,142,161,177,200,125,10,115,204,23,65,78,222,171,47
316,156,152,163,150,50,180,208,156,18,178,160,236,201,90,21,64
317,122,167,87,206,144,234,61,170,147,213,100,168,157,156,7,114
318,55,18,116,232,66,114,160,38,4,114,118,205,252,104,179,98
319,120,199,75,212,108,63,89,51,18,35,225,62,7,59,145,246
320,123,226,180,246,173,210,223,117,58,3,0,192,4,37,122,48
321,229,85,46,111,183,89,170,90,0,219,196,164,104,67,16,59
322,233,25,148,106,3,173,44,124,85,90,0,216,176,111,195,238
323,209,251,1,209,102,226,198,94,188,142,225,210,98,226,254,39
324,229,93,212,205,105,64,237,28,208,15,61,224,200,221,106,200
325,31,127,231,232,139,232,255,222,77,162,92,210,29,150,66,38
326,68,52,119,192,237,117,116,34,176,68,88,17,84,252,22,60
327,60,23,69,158,253,77,99,42,12,220,68,141,176,22,160,249
328,206,145,242,98,32,147,135,25,197,3,188,31,198,8,102,108
329,15,88,161,146,127,209,82,166,33,169,126,60,178,0,84,177
330,54,55,88,125,104,207,159,88,7,134,51,35,139,166,152,219
331,153,50,187,201,237,68,27,180,84,145,150,229,106,190,87,73
332,7,114,5,219,171,58,130,230,132,251,141,219,131,33,19,15
333,205,124,105,219,242,90,45,170,188,94,234,128,43,59,210,114
334,7,155,65,100,173,143,169,160,95,41,237,192,214,170,96,158
335,30,146,167,17,191,149,73,69,183,110,178,36,77,200,64,6
336,140,237,103,108,191,108,233,40,108,153,47,123,188,17,23,42
337,63,136,107,8,68,220,81,55,192,194,101,221,83,210,188,162
338,71,47,3,187,42,95,249,32,219,156,235,50,154,135,43,184
339,152,101,181,67,121,49,22,47,147,47,251,146,175,206,252,232
340,10,174,113,209,233,92,50,41,124,214,152,41,17,224,51,2
341,243,249,89,59,31,253,184,244,47,76,141,129,177,235,120,238
342,246,1,118,222,30,17,47,50,21,167,69,66,105,207,19,33
343,222,188,9,101,143,143,25,1,34,140,207,225,22,3,61,87
344,174,45,88,252,210,159,171,140,77,20,122,209,233,175,155,42
345,59,66,28,181,9,44,209,46,179,10,237,16,193,76,245,139
346,240,134,245,22,123,44,54,67,175,153,168,77,140,64,139,52
347,146,195,141,22,14,73,61,230,92,131,61,223,17,81,141,164
348,47,247,77,16,190,223,48,74,63,111,197,88,158,240,143,62
349,136,42,193,93,53,100,10,93,27,5,85,119,105,161,24,128
350,153,6,28,169,3,184,150,229,38,193,122,162,195,26,152,142
351,26,64,125,53,16,250,223,84,27,207,251,88,78,199,85,118
352,24,57,216,143,70,202,25,231,241,82,114,33,220,213,52,230
353,3,98,166,130,143,39,135,235,39,223,112,242,181,1,100,61
354,199,69,198,51,170,83,4,45,230,26,69,35,85,180,70,50
355,220,73,52,194,105,91,47,240,128,180,156,77,241,56,43,119
356,87,139,118,211,92,61,109,237,241,72,130,191,82,16,176,22
357,109,99,231,224,13,190,45,65,129,189,148,92,200,183,227,103
358,240,111,73,57,49,118,52,71,159,65,85,23,79,83,105,230
359,184,63,57,5,148,164,213,182,149,253,0,88,44,38,87,74
360,4,247,116,190,140,180,81,161,179,11,72,249,146,193,127,142
361,54,134,11,228,61,181,221,13,9,96,219,188,24,70,78,231
362,147,65,245,250,10,13,235,79,211,166,164,83,18,66,141,214
363,199,9,144,244,231,39,203,103,46,61,17,92,22,232,160,183
364,109,71,17,179,116,251,189,253,192,220,236,4,59,176,16,155
365,220,95,243,51,23,157,246,201,83,142,122,15,227,175,122,65
366,226,116,204,135,115,60,77,108,174,254,249,138,23,37,56,111
367,81,144,64,210,254,48,135,41,17,85,179,115,193,13,82,28
368,102,141,216,199,139,21,105,235,43,19,48,253,96,196,155,24
369,128,88,3,104,9,7,25,131,111,178,82,82,231,252,254,28
370,177,102,136,21,218,116,116,37,25,247,83,242,244,145,92,134
371,10,117,39,22,111,36,85,117,86,49,250,21,150,6,136,32
372,204,238,61,53,27,114,1,181,69,238,119,169,48,183,61,170
373,202,137,148,32,73,195,40,233,228,190,199,214,89,255,30,23
374,157,5,208,148,118,189,59,252,11,37,139,30,170,226,24,180
375,144,14,5,143,178,223,253,63,9,210,160,137,228,10,184,159
376,89,172,122,20,132,89,150,200,145,167,8,110,220,13,80,69
377,253,214,161,56,97,94,137,141,254,77,216,195,28,92,240,217
378,123,251,186,129,43,74,83,67,29,61,56,23,38,84,167,248
379,35,162,201,204,87,81,161,91,17,135,188,144,191,62,121,222
380,167,114,177,76,182,152,77,165,245,199,151,144,191,75,4,234
381,84,69,174,85,3,226,163,112,72,7,111,235,57,209,207,96
382,3,21,135,248,171,62,148,55,94,128,216,188,9,82,164,150
383,163,222,28,183,116,91,225,39,81,119,178,78,20,24,141,248
384,131,219,66,197,246,111,85,26,44,181,4,176,197,109,58,168
385,161,156,0,164,18,210,165,201,84,65,251,212,150,185,247,146
386,182,238,160,14,206,195,142,87,102,110,51,92,179,21,124,54
387,201,150,51,132,81,242,57,117,12,96,112,124,255,10,42,145
388,115,62,108,228,220,194,18,189,127,137,102,132,18,154,154,221
389,35,55,254,228,247,106,131,13,190,225,65,3,237,213,123,14
390,16,221,211,97,55,84,88,254,168,190,255,150,135,116,40,74
391,161,184,216,206,90,121,167,176,134,151,219,209,102,100,133,198
392,129,184,45,54,143,136,148,161,179,32,79,215,233,32,239,178
393,165,39,232,167,45,28,59,56,111,126,118,137,4,77,101,56
394,240,25,209,238,50,76,164,54,9,135,202,110,115,253,45,168
395,73,139,187,253,76,96,135,71,235,79,137,172,203,124,155,91
396,74,121,89,108,71,117,67,82,61,109,79,194,214,164,193,227
397,214,138,192,214,18,79,82,86,29,197,145,210,33,255,35,144
398,67,41,236,35,212,181,16,217,173,188,24,177,184,73,201,108
399,236,42,251,237,170,5,184,83,113,24,184,5,105,21,54,45
