0,243,67,53,143
1,229,50,28,48
2,13,192,138,190
3,132,189,76,65
4,175,221,234,65
5,248,34,114,25
6,41,126,29,188
7,29,202,166,183
8,207,185,189,185
9,176,61,173,236
10,236,84,109,167
11,8,113,254,39
12,116,172,159,205
13,4,115,232,104
14,101,230,36,2
15,210,172,30,36
16,186,3,201,38
17,179,192,211,240
18,3,83,72,131
19,48,117,158,224
20,119,48,97,157
21,116,106,186,177
22,88,70,34,5
23,179,93,135,248
24,3,178,58,93
25,145,194,219,196
26,252,56,216,194
27,113,213,99,95
28,119,68,155,116
29,113,241,45,22
30,170,29,30,194
31,195,248,152,62
32,73,152,7,219
33,139,178,0,3
34,20,215,181,122
35,57,186,243,223
36,70,47,121,3
37,185,14,23,248
38,25,23,187,247
39,71,198,202,32
40,58,6,142,128
41,251,113,35,143
42,67,165,242,31
43,116,121,30,242
44,209,56,134,94
45,7,188,199,241
46,191,39,115,229
47,251,183,147,212
48,128,198,31,42
49,72,32,130,118
50,58,214,149,113
51,27,147,60,109
52,135,42,181,216
53,44,222,45,202
54,85,206,222,156
55,163,3,127,157
56,76,91,38,242
57,205,79,236,19
58,149,220,84,67
59,93,29,158,170
60,172,108,91,204
61,103,187,185,226
62,3,248,136,80
63,110,135,162,111
64,6,253,140,158
65,48,238,240,229
66,227,207,36,127
67,219,41,168,162
68,12,9,143,203
69,101,143,124,157
70,51,6,220,54
71,172,72,238,164
72,171,221,196,175
73,187,156,142,164
74,227,44,19,254
75,123,143,253,99
76,150,66,129,181
77,128,172,3,55
78,228,108,139,109
79,89,179,224,77
80,66,32,255,161
81,26,187,220,11
82,146,128,237,157
83,80,183,76,90
84,89,34,50,59
85,173,175,111,168
86,11,123,14,106
87,2,2,13,159
88,0,39,16,210
89,27,222,50,219
90,121,102,49,38
91,22,195,63,0
92,104,140,36,71
93,164,63,77,233
94,109,196,178,117
95,124,89,11,240
96,143,140,131,141
97,220,6,76,154
98,189,118,213,124
99,192,187,255,81
100,36,81,113,211
101,184,228,167,71
102,143,163,173,166
103,234,22,54,218
104,249,106,87,198
105,239,42,237,135
106,127,136,78,144
107,162,31,220,172
108,107,197,207,162
109,232,110,213,31
110,22,100,194,245
111,164,202,214,235
112,183,95,237,249
113,246,154,123,76
114,239,222,113,162
115,171,107,138,128
116,36,79,5,106
117,161,103,137,158
118,64,144,247,202
119,106,106,27,113
120,104,211,157,182
121,47,173,28,228
122,184,173,152,71
123,52,18,133,87
124,193,135,69,223
125,187,29,154,243
126,211,212,205,155
127,109,46,126,233
128,169,253,128,79
129,124,60,208,60
130,34,140,151,190
131,229,100,6,185
132,19,70,0,41
133,35,186,11,126
134,27,14,146,17
135,177,160,250,119
136,151,46,224,60
137,88,122,4,14
138,128,60,254,4
139,49,230,37,107
140,15,65,152,74
141,196,237,206,119
142,102,250,51,57
143,66,99,162,2
144,113,213,217,151
145,69,143,37,116
146,100,83,43,64
147,227,159,133,131
148,246,166,140,227
149,25,165,197,138
150,137,255,40,57
151,186,29,22,102
152,225,207,165,83
153,49,145,175,181
154,14,81,161,231
155,68,207,44,211
156,95,46,134,233
157,254,92,127,246
158,233,157,227,17
159,164,35,86,62
160,108,107,23,138
161,79,67,58,198
162,178,138,53,53
163,83,160,243,54
164,168,64,224,188
165,50,113,54,154
166,139,252,79,232
167,44,73,106,202
168,132,187,192,134
169,222,44,5,16
170,240,117,130,110
171,146,64,16,45
172,74,137,15,52
173,15,27,132,126
174,163,30,223,92
175,171,102,119,105
176,195,155,70,226
177,114,125,121,222
178,28,224,47,93
179,237,238,65,89
180,154,154,125,5
181,245,97,90,94
182,46,48,164,92
183,129,17,158,49
184,194,7,95,97
185,37,70,48,21
186,202,129,122,174
187,45,124,19,77
188,97,6,82,28
189,234,173,175,159
190,17,123,249,17
191,203,2,69,27
192,33,32,5,231
193,70,129,242,152
194,29,104,153,129
195,136,189,198,60
196,227,130,164,94
197,244,107,114,72
198,55,122,48,74
199,103,173,59,79
200,44,133,78,32
201,251,104,52,235
202,90,213,100,206
203,196,105,75,248
204,206,134,160,75
205,162,60,53,112
206,60,139,216,240
207,213,141,51,3
208,169,91,115,70
209,83,159,148,145
210,66,234,201,17
211,107,234,230,213
212,130,234,16,22
213,78,53,19,167
214,20,200,8,12
215,100,157,36,116
216,70,167,134,161
217,82,177,207,157
218,178,194,147,187
219,153,163,228,220
220,69,14,221,158
221,142,183,93,214
222,67,124,56,201
223,60,131,255,121
224,48,89,85,28
225,117,90,179,0
226,4,107,250,245
227,224,35,247,221
228,227,249,242,205
229,100,78,116,22
230,11,185,46,10
231,184,238,72,48
232,83,166,245,147
233,33,35,148,16
234,186,57,130,33
235,183,203,167,212
236,34,255,20,236
237,156,42,111,7
238,45,146,107,2
239,152,163,7,67
240,178,24,130,69
241,144,211,186,198
242,234,3,163,172
243,12,98,102,44
244,173,102,36,82
245,220,166,247,23
246,166,117,179,92
247,132,188,154,68
248,115,232,132,232
249,176,42,75,55
250,240,186,196,165
251,95,30,189,91
252,213,138,80,4
253,242,91,223,75
254,247,36,25,99
255,105,150,223,167
256,7,16,137,241
257,116,117,51,196
258,230,230,0,160
259,251,155,27,84
260,196,10,171,193
261,210,76,253,251
262,105,210,25,186
263,40,245,67,206
264,250,167,101,129
265,34,106,140,135
266,98,128,55,93
267,191,67,184,82
268,137,103,186,236
269,200,160,188,7
270,228,222,68,28
271,26,207,36,181
272,227,246,160,116
273,13,222,253,113
274,246,179,236,192
275,251,172,33,127
276,147,184,105,233
277,94,104,239,9
278,187,176,242,160
279,235,89,25,179
280,3,213,151,36
281,70,197,156,170
282,245,244,115,136
283,230,96,213,243
284,9,203,237,97
285,128,254,92,251
286,12,58,135,13
287,69,174,145,212
288,1,196,197,79
289,202,9,204,169
290,3,6,235,87
291,39,151,138,138
292,144,85,24,234
293,72,113,138,221
294,23,148,194,180
295,217,190,84,77
296,76,71,182,167
297,154,169,143,120
298,224,86,128,131
299,244,105,131,20
300,234,157,146,156
301,7,129,72,201
302,42,65,152,80
303,53,224,90,139
304,165,1,47,139
305,78,183,229,199
306,0,64,130,39
307,67,234,147,97
308,7,43,134,18
309,4,173,113,15
310,126,139,33,117
311,238,148,133,86
312,75,21,252,102
313,156,152,157,36
314,104,174,193,8
315,146,184,41,160
316,241,242,56,75
317,107,212,109,185
318,174,138,11,1
319,170,4,185,146
320,77,66,241,63
321,85,31,32,247
322,73,155,192,189
323,199,123,11,158
324,32,131,11,1
325,243,229,245,23
326,34,69,30,29
327,112,163,201,23
328,132,69,146,236
329,84,243,198,182
330,232,249,41,161
331,159,217,38,85
332,185,186,112,216
333,185,32,135,188
334,10,118,79,66
335,220,141,202,29
336,170,246,234,106
337,228,207,28,203
338,68,116,24,13
339,56,84,248,97
340,38,117,69,8
341,213,102,38,115
342,89,116,219,204
343,155,15,61,207
344,34,175,20,233
345,29,5,173,188
346,7,153,172,96
347,42,160,30,191
348,157,192,33,228
349,24,33,204,179
350,67,178,243,140
351,193,226,155,101
352,217,106,232,250
353,178,223,197,10
354,59,221,107,72
355,186,230,123,112
356,12,8,13,203
357,141,54,31,8
358,200,109,116,240
359,124,155,183,102
360,209,38,93,98
361,180,74,181,66
362,61,3,239,219
363,159,121,122,115
364,222,214,39,10
365,35,135,223,242
366,188,241,39,45
367,139,196,133,121
368,213,13,19,34
369,210,86,15,207
370,130,103,96,245
371,224,126,246,145
372,56,126,182,28
373,22,144,148,198
374,216,2,27,238
375,28,46,185,84
376,205,216,142,28
377,128,255,96,1
378,146,169,59,98
379,64,255,48,142
380,8,86,41,223
381,134,136,247,1
382,77,234,123,24
383,111,237,194,69
384,54,249,153,233
385,162,213,238,210
386,212,53,237,75
387,196,246,114,39
388,137,240,130,35
389,195,159,156,147
390,96,162,127,8
391,221,141,167,206
392,68,253,90,83
393,32,231,232,216
394,153,48,173,118
395,210,198,196,113
396,158,208,177,50
397,215,194,81,166
398,137,156,226,234
399,166,241,61,227
