0,159,187,49,36,12,95,195,34,84,250,103,25,7,193,6,229
1,30,125,68,4,128,91,227,100,174,14,92,108,50,20,236,247
2,22,214,149,207,114,99,33,158,8,143,219,16,182,219,53,154
3,142,202,57,104,207,208,97,66,21,138,158,102,228,4,192,102
4,221,86,255,154,36,227,192,94,186,68,187,50,98,245,115,96
5,3,168,134,145,103,225,76,81,216,201,147,89,110,13,33,158
6,118,120,21,25,114,192,1,4,56,103,136,244,77,176,225,108
7,219,239,233,27,49,48,230,5,68,60,70,250,23,80,153,1
8,110,252,193,65,216,22,20,23,94,74,167,212,49,51,221,235
9,15,5,215,177,161,215,248,39,235,158,89,156,65,223,99,201
10,35,69,167,65,223,246,36,176,108,130,234,230,103,106,172,245
11,209,94,32,167,109,239,127,243,74,221,219,73,241,30,167,50
12,73,213,37,118,198,78,167,162,27,25,210,20,246,35,104,143
13,17,150,120,244,69,116,200,222,134,68,26,215,120,49,63,248
14,152,168,121,17,105,121,92,144,24,73,6,175,253,108,190,68
15,119,174,82,23,10,38,110,160,176,95,228,138,196,243,136,169
16,47,236,118,214,234,0,114,123,65,43,139,190,1,195,238,219
17,74,220,147,91,8,202,194,236,35,25,202,184,201,249,183,86
18,37,146,86,135,155,7,80,70,53,235,43,150,152,145,154,145
19,209,127,163,3,174,94,33,88,111,155,216,240,148,41,62,11
20,207,69,39,115,169,230,149,172,192,238,156,50,254,117,216,124
21,154,180,85,222,79,188,171,5,81,104,69,44,118,87,175,164
22,51,49,76,170,5,112,173,47,134,127,225,218,253,217,21,113
23,56,251,36,182,86,36,238,118,72,52,162,127,215,113,181,121
24,44,51,159,81,20,105,163,120,145,119,93,131,196,84,55,13
25,244,134,80,50,138,58,237,23,44,250,246,207,40,187,142,87
26,195,226,160,165,155,163,145,177,36,93,37,123,23,93,144,73
27,232,157,77,145,200,233,25,4,97,204,100,21,113,145,142,84
28,55,238,72,23,111,78,54,75,98,135,8,218,98,195,25,41
29,18,163,17,211,198,187,178,126,23,227,185,154,12,64,46,250
30,52,107,242,27,99,243,66,198,74,187,213,50,45,126,111,0
31,212,53,184,188,79,23,13,148,28,108,126,192,243,101,36,63
32,188,103,215,11,249,154,187,225,126,197,80,14,111,64,37,195
33,101,236,1,75,135,241,73,135,187,143,255,208,56,86,255,216
34,66,109,174,193,86,161,26,200,96,144,106,175,71,90,210,247
35,183,48,35,4,173,104,229,92,51,53,206,72,26,36,213,98
36,121,92,219,71,240,188,132,178,250,59,48,141,148,113,115,179
37,73,184,127,181,219,201,198,41,57,13,55,51,64,155,112,217
38,75,28,187,52,136,167,184,120,63,170,236,33,230,120,141,54
39,107,26,166,7,81,136,35,145,17,74,56,2,141,221,140,238
40,138,177,138,46,216,252,26,157,26,21,8,114,96,124,161,144
41,117,252,60,138,178,159,220,252,175,160,107,109,28,1,154,168
42,207,46,96,15,142,193,114,78,197,16,35,234,235,189,95,228
43,114,101,50,153,209,227,183,255,112,0,105,218,218,62,138,225
44,5,1,201,43,0,28,203,214,2,155,231,235,84,146,46,189
45,176,168,217,165,115,186,7,123,231,139,43,196,66,45,37,20
46,50,26,116,68,37,181,2,4,150,158,14,169,199,157,109,248
47,209,110,79,108,157,201,61,236,47,74,219,170,183,141,105,6
48,223,119,125,157,76,72,122,13,156,115,39,210,47,197,17,193
49,193,87,194,139,213,5,227,122,90,28,171,5,5,27,114,184
50,194,132,205,179,23,221,122,93,43,225,148,112,237,138,248,43
51,32,194,19,250,246,189,124,44,108,102,24,193,124,241,106,61
52,13,223,23,26,55,57,178,221,197,26,61,148,126,22,148,215
53,162,43,74,241,242,6,211,228,102,252,45,184,52,251,3,216
54,245,247,232,1,100,240,113,52,29,54,126,73,121,169,86,48
55,216,165,101,168,37,25,41,127,227,202,65,185,231,239,251,250
56,231,2,90,220,28,166,245,116,177,164,208,72,108,199,104,195
57,242,248,7,134,159,28,220,182,200,186,163,140,248,87,36,137
58,237,219,214,175,162,9,118,199,172,38,166,244,37,190,42,34
59,234,212,117,46,241,221,229,45,131,84,208,130,20,43,126,11
60,202,51,113,129,187,230,73,130,159,183,10,22,206,238,255,229
61,169,166,113,247,1,242,203,57,89,156,146,6,242,113,209,19
62,59,166,106,114,172,248,189,65,140,4,108,230,118,99,221,58
63,145,139,118,66,84,206,125,223,76,178,159,179,191,110,84,153
64,250,41,51,250,255,222,14,97,187,203,48,208,114,66,39,140
65,7,218,187,58,101,62,144,126,7,168,53,115,155,229,223,147
66,224,86,163,199,129,193,19,134,236,203,110,134,38,117,84,193
67,97,207,161,121,115,209,109,188,103,22,40,26,196,224,34,111
68,198,22,179,200,5,38,9,129,77,164,115,212,171,51,220,137
69,203,214,240,17,86,182,225,26,12,242,232,19,221,138,103,223
70,143,36,93,210,109,107,12,62,199,58,119,178,215,200,237,69
71,156,235,109,118,211,125,157,197,128,29,12,136,215,143,92,120
72,230,246,13,116,100,119,184,21,32,18,8,43,36,52,104,3
73,159,162,80,213,241,76,25,30,110,45,197,143,248,148,106,170
74,48,120,52,107,112,11,115,32,101,48,182,119,254,20,176,12
75,196,61,10,73,208,253,100,111,101,254,216,228,136,47,13,134
76,36,44,110,64,174,81,224,251,46,236,118,233,234,82,181,138
77,207,113,237,122,126,168,89,89,181,115,138,159,156,246,190,229
78,163,33,188,127,227,8,251,125,44,76,53,22,21,45,208,196
79,108,54,33,29,83,33,197,124,215,252,8,120,129,24,222,86
80,53,79,102,35,60,230,94,234,139,80,50,203,190,2,232,105
81,59,69,132,218,69,219,233,202,231,86,194,3,73,2,49,104
82,192,200,228,158,95,167,48,15,168,201,134,65,5,110,92,122
83,75,162,205,27,200,189,243,26,175,11,74,129,254,141,93,205
84,231,72,111,2,49,66,57,222,143,30,109,23,157,51,57,60
85,134,213,157,57,164,98,214,101,194,43,33,170,236,72,245,204
86,158,167,165,219,228,212,165,252,214,155,191,153,215,110,58,204
87,142,45,217,148,85,66,16,63,47,197,4,255,148,56,138,134
88,118,160,191,34,193,179,237,191,62,181,44,187,151,159,11,192
89,139,178,231,13,102,85,213,6,55,154,48,38,190,188,71,151
90,13,124,240,222,58,46,103,41,172,206,169,111,162,240,95,93
91,107,39,61,102,80,147,42,63,162,146,26,195,41,237,153,137
92,58,24,77,226,182,120,2,81,243,243,155,172,213,93,69,232
93,16,173,208,6,88,234,96,177,32,104,44,91,98,21,88,154
94,98,194,217,59,161,73,170,196,231,31,55,197,182,19,74,134
95,243,137,214,164,243,33,128,172,53,23,238,190,53,173,1,88
96,131,126,36,179,59,162,215,92,78,111,159,133,236,178,231,50
97,181,122,101,85,34,38,26,12,66,133,46,109,68,109,115,150
98,112,33,4,12,174,65,191,11,18,222,55,137,17,198,181,75
99,35,60,105,127,87,70,1,110,17,229,165,145,62,229,189,46
100,187,197,234,78,219,68,183,26,88,247,176,103,107,34,232,53
101,42,153,112,52,89,219,109,26,127,92,140,238,54,37,105,32
102,210,40,78,200,117,122,60,92,210,9,76,22,6,119,151,142
103,57,160,217,107,165,220,9,34,178,98,176,93,154,241,219,129
104,203,86,177,43,206,218,34,221,244,81,229,26,168,194,74,122
105,157,119,207,170,216,225,104,55,88,93,127,80,79,3,53,194
106,104,64,190,86,242,175,114,125,111,170,29,246,48,5,83,131
107,66,74,167,134,145,21,101,178,136,252,139,209,106,218,64,201
108,189,166,255,58,122,238,103,2,131,50,83,102,206,200,113,141
109,112,214,18,151,88,141,230,83,161,204,8,147,10,149,232,97
110,28,225,175,107,169,57,30,40,159,114,203,219,159,240,56,98
111,240,17,172,66,12,151,147,50,203,144,195,122,216,92,178,128
112,156,13,30,215,61,11,107,23,211,127,149,187,43,92,194,79
113,42,113,93,248,67,108,232,106,125,206,18,53,162,212,206,222
114,227,10,59,28,145,154,86,218,145,154,165,231,68,207,50,90
115,172,80,24,73,61,213,63,248,153,29,59,82,153,36,31,103
116,151,221,165,6,114,221,192,70,69,204,170,9,193,172,115,138
117,168,229,121,111,201,59,54,71,154,180,215,95,179,2,218,251
118,0,241,233,182,59,68,184,215,54,254,28,34,163,250,202,197
119,228,106,172,168,183,166,7,254,79,174,174,141,168,81,39,9
120,100,177,69,231,181,158,240,2,60,19,5,226,17,58,169,197
121,147,207,60,10,61,35,67,119,170,141,135,87,22,204,75,124
122,135,254,152,217,50,164,223,124,203,122,251,64,191,130,86,156
123,165,147,54,49,238,32,121,118,34,133,120,174,67,57,225,126
124,229,8,216,107,110,191,17,244,196,186,226,219,44,111,205,87
125,11,55,30,77,163,46,73,137,30,239,41,45,0,174,148,141
126,27,252,175,202,170,106,18,198,165,134,213,158,73,92,120,42
127,101,208,77,39,238,178,86,169,252,143,148,208,45,100,232,109
128,2,24,170,82,146,210,148,33,124,198,217,41,253,108,39,187
129,163,52,23,116,140,4,172,135,31,6,190,173,97,145,137,99
130,247,145,131,13,93,19,49,32,57,26,188,127,13,217,213,253
131,27,66,83,35,83,123,12,18,148,12,229,57,43,212,161,82
132,213,227,5,91,174,177,87,92,195,98,181,126,221,27,180,32
133,138,208,187,255,42,226,154,180,200,224,171,138,129,173,192,33
134,41,241,7,61,186,178,231,109,106,192,56,144,161,81,7,27
135,142,167,166,61,123,228,126,186,202,124,185,39,193,128,192,255
136,7,142,1,194,42,236,240,234,32,150,134,47,94,128,63,66
137,4,46,152,117,167,213,233,131,163,254,88,211,224,171,63,249
138,28,214,186,34,69,251,29,82,13,254,119,163,87,24,224,120
139,232,33,41,113,255,122,1,208,62,209,138,228,49,28,22,97
140,112,243,141,241,208,106,68,116,235,70,246,141,88,76,184,117
141,24,241,207,113,186,49,58,215,95,26,21,157,82,6,100,146
142,83,178,205,7,63,135,166,196,185,231,195,176,98,175,216,162
143,140,59,246,71,107,9,152,135,47,214,9,13,185,19,150,128
144,0,123,188,123,148,92,81,44,60,113,221,134,57,171,210,2
145,132,222,246,227,126,76,87,123,208,62,65,243,95,173,8,168
146,112,39,152,84,143,100,50,208,208,2,55,21,78,52,204,188
147,33,45,96,187,48,239,125,48,144,225,91,40,18,207,157,200
148,220,46,80,83,151,95,69,63,16,171,21,135,148,88,209,178
149,241,194,43,157,138,119,214,223,34,7,171,10,225,227,238,245
150,115,186,63,101,228,218,125,170,199,97,178,18,170,18,243,174
151,235,101,45,100,222,190,218,153,105,191,163,114,46,52,122,133
152,193,12,139,65,111,231,199,123,184,221,144,151,239,238,173,166
153,96,155,122,20,68,55,247,17,90,59,57,170,224,96,102,76
154,65,203,159,159,29,118,192,245,178,2,13,143,244,247,24,150
155,88,72,19,218,152,14,203,160,105,223,195,237,53,102,59,172
156,168,161,53,157,175,234,141,58,126,64,169,185,207,119,97,105
157,227,247,116,109,121,191,194,251,11,145,203,226,181,179,57,2
158,95,198,128,198,241,81,96,80,15,107,140,18,205,0,16,126
159,216,57,117,95,203,152,160,25,199,196,97,174,198,200,173,221
160,168,218,236,65,171,202,40,146,147,156,188,138,9,66,140,65
161,137,160,11,194,53,167,112,219,86,192,95,244,99,228,207,146
162,252,159,250,156,210,157,225,33,204,133,150,6,97,46,117,81
163,232,222,92,197,37,147,94,222,90,171,43,112,113,63,172,164
164,22,25,175,199,126,121,25,189,58,197,248,33,77,236,65,200
165,150,122,176,168,212,232,255,4,30,202,115,133,57,83,151,124
166,46,127,38,175,23,105,19,160,153,189,167,55,25,20,158,10
167,107,166,184,152,202,72,122,52,241,129,92,96,123,177,166,253
168,234,144,172,251,81,233,29,195,47,88,114,47,250,188,37,184
169,239,175,175,247,95,18,29,209,134,143,176,15,173,221,178,106
170,119,193,8,117,93,177,132,33,106,95,133,145,138,205,210,41
171,58,142,216,128,201,239,223,97,240,10,129,46,213,198,102,27
172,94,205,74,146,226,175,189,104,82,184,126,91,36,42,197,3
173,210,17,204,212,29,203,66,233,170,148,199,140,128,57,215,149
174,131,31,190,163,51,162,47,163,71,52,179,32,160,38,201,102
175,242,37,42,237,215,198,42,135,44,80,121,92,98,238,29,102
176,213,152,117,38,74,241,36,87,148,75,60,230,236,185,46,39
177,197,190,28,243,106,130,18,179,154,19,153,105,20,156,128,102
178,50,49,231,196,254,36,110,151,83,95,40,80,15,22,94,167
179,15,211,51,251,65,108,48,193,254,81,192,205,112,156,166,193
180,249,2,45,105,2,141,41,139,31,247,117,135,4,0,199,188
181,202,7,36,36,210,106,255,20,148,72,155,177,18,153,78,92
182,210,26,85,15,29,164,43,237,24,122,64,106,255,110,135,47
183,53,94,208,157,35,121,182,129,167,234,237,145,120,203,18,13
184,31,190,80,157,41,132,160,251,190,227,168,136,135,2,102,77
185,207,152,54,20,95,182,37,109,127,255,121,130,66,67,180,42
186,167,129,247,127,81,31,75,95,18,245,242,86,253,199,147,19
187,201,172,174,1,223,87,121,35,226,8,121,253,26,191,112,235
188,234,182,168,77,14,159,239,137,142,109,97,45,254,189,174,104
189,98,215,11,91,57,15,110,211,162,95,252,182,175,142,222,33
190,170,198,2,44,103,106,101,255,116,175,69,150,38,181,155,240
191,191,206,9,55,211,94,104,209,194,17,198,240,97,3,212,194
192,41,221,51,67,241,94,217,39,225,111,205,76,182,248,158,242
193,164,142,160,191,114,80,242,136,163,250,43,216,1,239,218,205
194,142,119,100,224,21,183,174,253,59,217,3,141,153,58,63,216
195,175,65,166,27,79,40,43,153,204,150,93,105,58,175,160,254
196,2,72,183,189,14,29,144,71,108,182,144,47,74,90,117,187
197,120,206,82,185,38,123,150,189,189,25,181,79,27,65,0,221
198,254,4,105,238,44,102,42,182,112,14,173,245,33,116,158,140
199,39,116,19,123,204,49,220,204,82,59,119,84,57,232,11,153
200,73,129,133,235,222,128,7,132,177,195,214,178,116,184,191,79
201,250,22,62,69,200,249,235,135,61,72,142,207,254,225,154,68
202,36,184,175,75,244,10,29,255,184,179,176,165,39,147,139,235
203,59,143,30,124,98,169,12,147,11,232,191,153,146,158,236,217
204,44,31,141,157,164,26,128,143,169,201,170,165,22,165,181,13
205,43,183,213,223,193,11,82,31,61,39,217,8,227,19,204,157
206,105,232,73,230,215,176,188,174,25,150,216,140,222,3,9,165
207,88,117,150,71,125,148,2,210,239,54,89,109,88,144,191,85
208,17,149,166,67,45,86,93,88,173,228,136,104,142,70,210,117
209,234,122,192,209,63,139,89,89,153,113,10,150,153,164,188,205
210,119,110,53,58,72,108,27,105,11,197,9,244,179,229,2,51
211,90,13,69,232,213,30,61,62,81,25,34,221,0,143,238,57
212,181,80,28,31,217,164,48,122,162,159,52,206,68,98,171,194
213,35,131,250,183,81,224,92,98,47,80,75,47,38,197,253,232
214,123,93,255,44,232,36,93,172,187,180,42,254,248,188,61,3
215,217,197,45,125,163,55,46,187,56,210,56,163,25,249,94,202
216,151,6,122,187,226,222,13,233,98,171,203,56,114,180,10,183
217,62,124,41,73,56,57,102,187,89,231,31,18,165,53,51,81
218,169,244,182,31,234,145,41,27,155,146,100,100,215,93,154,244
219,189,87,2,154,24,109,66,245,251,24,189,49,78,131,46,37
220,144,77,154,168,225,244,22,216,105,222,27,245,59,122,66,182
221,218,241,65,96,2,7,81,114,161,30,70,184,96,157,254,36
222,253,212,18,74,189,147,84,5,40,235,142,118,123,37,136,255
223,19,207,234,237,19,2,24,60,27,137,218,4,163,50,199,72
224,190,111,238,107,149,212,81,233,186,114,50,230,241,73,203,17
225,180,255,88,61,94,181,37,160,196,177,229,195,51,48,34,210
226,60,120,225,82,242,176,215,57,249,132,228,89,133,101,189,52
227,26,210,118,44,23,73,10,161,91,84,6,44,244,161,36,82
228,161,130,14,189,231,146,178,150,14,125,57,88,169,29,25,159
229,227,51,202,17,176,163,189,36,229,126,229,44,43,144,239,6
230,57,231,183,30,94,230,248,7,4,120,254,138,177,24,47,231
231,154,30,224,56,129,58,232,79,31,39,135,38,179,129,83,6
232,127,189,130,252,51,213,115,221,60,183,129,35,9,171,178,143
233,70,177,142,198,108,91,158,157,10,17,154,177,93,239,233,204
234,87,169,214,244,134,174,195,148,42,150,0,151,206,209,78,38
235,118,87,136,132,1,84,249,39,255,95,57,225,229,92,70,143
236,5,9,210,231,207,125,156,42,229,110,223,15,80,240,139,123
237,53,153,217,5,169,17,33,165,217,113,168,137,14,108,175,241
238,72,255,93,200,63,73,180,97,5,254,17,39,230,236,120,106
239,121,4,174,190,75,171,62,156,171,113,143,19,97,145,215,132
240,45,219,207,145,206,140,216,131,91,202,57,109,174,5,156,185
241,118,174,247,121,248,87,206,77,141,45,38,79,9,186,39,165
242,18,89,179,219,155,70,169,20,237,253,12,46,172,4,181,141
243,111,219,110,181,19,76,237,205,250,155,221,201,81,156,15,42
244,91,72,33,157,7,81,132,246,207,70,95,250,201,48,186,242
245,110,57,101,95,124,22,253,218,53,172,2,49,67,252,226,99
246,82,5,51,142,11,80,19,137,69,45,122,120,47,156,173,252
247,115,66,255,129,62,208,57,225,77,207,214,50,234,146,179,247
248,194,88,18,175,93,212,2,62,186,111,28,251,145,50,175,245
249,146,47,51,70,59,205,182,188,42,183,165,99,180,235,198,15
250,186,43,25,120,197,48,102,25,5,206,191,94,197,25,227,41
251,130,21,48,236,91,52,72,161,39,224,83,176,113,230,5,89
252,7,159,154,42,68,119,67,180,132,227,142,161,77,221,147,196
253,28,150,154,24,187,1,211,205,204,72,219,203,123,51,249,94
254,217,255,175,196,109,32,199,40,130,105,151,206,57,237,41,65
255,79,175,29,19,92,248,127,88,6,240,87,40,118,103,213,178
256,34,15,175,35,137,230,158,120,116,138,183,163,233,225,99,242
257,253,43,220,100,213,1,95,203,125,149,240,243,57,23,3,116
258,26,56,182,192,248,74,0,236,126,167,192,130,57,12,93,29
259,84,41,53,86,134,116,247,229,123,32,85,148,81,132,193,163
260,128,15,203,153,84,65,219,220,214,24,82,34,130,224,218,45
261,12,71,97,225,201,213,53,20,217,97,29,52,173,81,61,204
262,5,193,23,185,213,153,174,125,107,115,246,135,7,154,93,118
263,34,228,111,119,171,116,71,34,138,120,176,202,227,203,196,137
264,104,207,191,236,117,128,136,17,103,199,233,196,57,190,136,19
265,122,4,17,56,154,129,228,158,48,135,35,41,153,54,115,89
266,197,181,204,17,83,190,178,30,250,86,38,247,101,224,67,87
267,248,76,202,8,161,12,123,116,66,24,133,148,146,173,248,70
268,150,223,185,151,225,30,132,15,254,83,39,22,61,52,46,76
269,135,161,239,12,157,116,202,56,68,198,55,92,216,17,211,233
270,229,142,12,152,69,124,224,201,228,18,223,248,196,121,218,211
271,146,223,7,13,245,185,93,174,147,162,170,251,138,124,166,62
272,41,4,148,34,131,6,213,194,120,61,110,42,27,158,79,210
273,111,44,250,62,86,74,122,255,61,210,35,58,196,203,14,203
274,90,159,185,31,233,45,240,250,244,130,10,2,177,199,88,247
275,58,111,167,232,231,179,240,40,110,238,244,215,55,173,133,161
276,184,73,101,96,56,185,178,120,225,66,168,121,77,16,18,144
277,162,95,69,120,138,193,86,29,234,157,170,57,206,200,199,173
278,189,197,11,84,17,146,175,183,81,183,218,83,131,164,85,251
279,33,173,39,122,152,139,47,30,29,237,188,158,8,94,74,231
280,192,92,67,224,31,182,217,135,223,28,97,253,5,162,82,43
281,48,207,84,241,152,242,118,198,56,231,44,82,97,11,54,198
282,210,97,126,216,134,213,112,226,10,83,5,187,79,78,8,186
283,230,232,123,147,135,3,20,72,222,224,165,113,106,14,108,154
284,62,28,88,166,21,38,29,60,90,127,22,150,64,9,250,28
285,131,73,187,117,13,206,194,109,233,10,141,167,251,150,19,49
286,73,136,252,146,176,216,184,192,221,41,53,144,13,160,182,95
287,117,21,203,144,69,38,208,182,185,192,155,115,8,167,46,85
288,150,116,42,39,133,196,51,6,107,84,203,162,18,97,156,1
289,72,123,246,176,122,209,87,69,150,10,86,121,146,9,189,154
290,194,125,75,77,123,186,51,194,70,25,191,245,12,127,116,94
291,14,21,112,72,106,162,83,235,163,234,28,78,71,188,230,8
292,177,106,41,120,103,7,201,222,129,56,225,231,49,66,75,48
293,170,218,137,174,140,1,37,250,226,220,25,83,45,135,165,23
294,10,97,183,138,126,162,226,149,195,45,147,85,162,137,24,165
295,159,57,48,51,207,97,5,59,206,19,186,10,7,8,136,126
296,101,123,121,204,138,138,209,248,206,58,38,167,202,17,176,138
297,190,198,90,170,100,36,207,172,249,251,25,123,196,215,242,86
298,166,48,1,155,98,203,140,109,100,246,116,36,21,13,119,14
299,83,9,184,206,0,101,203,98,75,110,225,24,160,51,106,26
300,17,43,4,41,26,183,17,168,241,213,47,6,138,142,103,145
301,57,237,78,16,39,59,204,44,70,47,43,163,93,193,108,245
302,139,238,138,246,133,200,110,140,146,43,108,221,203,52,216,20
303,101,70,92,70,243,222,70,98,225,27,216,163,32,208,79,227
304,134,222,188,94,101,175,248,145,225,49,231,169,237,172,147,182
305,95,246,38,197,219,59,199,116,114,157,220,212,110,180,164,47
306,41,34,191,210,231,16,42,16,28,132,125,68,186,123,176,198
307,48,51,17,91,1,129,85,159,40,217,9,32,202,162,175,192
308,33,233,51,59,225,113,169,16,21,159,102,144,206,154,184,241
309,58,97,153,177,121,5,63,102,154,23,211,159,118,166,91,186
310,168,135,198,248,72,201,249,255,124,216,155,226,23,92,152,250
311,134,22,167,142,25,40,208,54,226,236,132,26,211,25,64,252
312,54,237,95,9,115,73,80,230,240,84,5,60,53,28,211,147
313,6,174,179,131,69,159,106,196,205,161,120,143,224,50,44,234
314,108,5,105,222,148,205,27,145,105,124,216,198,63,68,135,192
315,62,3,75,127,58,168,143,157,152,80,193,69,96,23,187,14
316,170,102,169,67,248,117,172,38,107,107,177,11,99,21,178,87
317,233,194,111,188,100,176,79,110,195,72,214,214,29,0,114,22
318,216,228,66,254,135,246,136,187,152,222,226,131,235,197,73,20
319,7,219,64,157,37,230,164,125,113,36,168,204,201,237,233,153
320,222,132,58,136,5,14,231,90,255,29,130,215,35,96,142,186
321,226,142,148,239,177,55,45,220,218,40,194,59,6,95,116,62
322,79,67,43,110,147,169,220,251,207,99,175,114,156,3,56,214
323,125,151,217,9,86,57,224,203,78,86,210,223,15,162,230,174
324,199,66,133,215,242,52,160,245,207,66,140,213,86,217,223,137
325,252,242,212,83,215,133,23,215,76,191,59,73,121,41,201,230
326,118,203,230,178,8,155,141,100,43,133,117,45,71,105,52,246
327,119,199,185,187,57,250,145,38,36,147,15,132,162,111,175,82
328,92,181,21,3,33,117,61,254,18,12,244,181,196,180,123,183
329,192,227,33,129,161,116,214,122,175,115,18,197,53,232,3,67
330,184,165,10,219,121,221,87,231,168,45,224,84,73,154,218,238
331,157,93,78,241,161,102,132,111,151,114,43,164,90,131,230,62
332,44,168,154,111,128,119,127,243,192,6,70,4,39,15,230,111
333,234,207,83,127,151,230,9,103,172,102,207,83,252,49,149,151
334,7,177,50,217,99,36,241,224,242,86,129,132,143,159,255,114
335,56,176,141,203,127,174,66,170,210,227,238,93,185,3,218,231
336,74,108,52,254,82,225,74,0,120,80,9,197,124,189,242,106
337,85,71,252,7,207,120,133,70,248,130,207,108,238,73,255,215
338,221,248,101,20,16,84,246,225,103,230,135,160,7,93,102,99
339,70,193,238,63,212,89,147,19,165,219,103,143,103,76,210,189
340,107,242,253,81,53,133,192,97,174,28,145,85,143,94,146,128
341,53,222,136,14,8,126,245,126,146,194,175,140,42,7,48,143
342,129,102,199,66,195,70,27,189,106,203,177,72,79,65,186,3
343,202,191,168,52,239,217,62,123,219,64,107,174,239,118,149,175
344,72,27,220,60,105,200,135,18,16,109,21,137,203,171,245,121
345,129,81,154,141,249,60,187,52,57,197,238,160,170,240,55,5
346,135,186,127,128,25,215,160,211,228,91,131,157,164,54,194,105
347,96,208,46,243,220,98,7,232,214,27,90,204,194,15,48,242
348,66,82,136,123,83,77,95,184,57,19,2,15,72,12,220,39
349,174,238,164,132,241,96,15,130,42,149,208,184,98,160,36,154
350,150,190,235,170,180,42,251,154,21,240,187,64,11,211,224,50
351,14,18,237,201,28,9,244,103,108,254,37,240,111,38,255,253
352,66,94,221,171,72,220,243,206,147,233,147,7,23,101,54,177
353,153,55,203,71,165,186,97,244,24,189,132,242,158,101,49,111
354,98,188,7,237,27,54,203,107,158,196,2,141,198,208,196,120
355,89,228,69,239,160,24,198,49,253,187,147,158,40,129,247,213
356,220,123,98,132,143,142,229,15,131,79,159,236,213,42,242,45
357,193,199,249,254,75,54,249,67,103,139,135,172,163,35,46,73
358,249,52,25,166,232,143,11,142,199,15,229,32,254,176,103,255
359,146,104,196,179,247,171,194,1,207,69,191,169,122,42,44,135
360,182,168,24,75,170,51,32,34,216,237,179,171,115,176,30,112
361,178,122,67,117,236,21,212,81,165,167,73,244,135,115,39,180
362,62,208,161,114,39,109,125,131,12,102,5,144,179,189,63,177
363,111,74,170,221,204,135,169,174,167,234,231,68,79,37,156,245
364,32,70,136,140,219,254,108,132,111,173,99,5,74,187,61,32
365,188,205,126,28,0,102,202,100,72,220,16,52,88,10,75,100
366,171,152,129,138,1,248,94,145,231,85,142,114,234,46,192,74
367,215,197,156,86,152,51,254,10,168,181,100,79,44,122,51,208
368,1,230,10,18,236,110,56,181,34,245,223,48,103,86,219,12
369,228,137,33,81,63,192,232,161,163,38,30,38,113,81,24,218
370,89,108,108,88,160,207,86,139,220,65,233,148,24,160,9,76
371,248,232,166,20,154,83,132,251,103,37,250,231,172,113,23,226
372,242,96,87,30,48,115,174,163,240,44,200,180,22,220,108,187
373,21,167,91,231,186,58,23,199,36,252,22,254,31,80,190,73
374,59,179,147,81,86,209,166,226,191,126,180,127,216,197,229,55
375,152,29,117,59,9,66,255,217,72,17,81,53,69,23,47,141
376,164,42,81,219,210,223,4,83,101,112,68,139,183,81,97,64
377,150,113,118,239,50,166,245,41,206,229,156,221,124,201,204,181
378,168,86,141,8,4,41,154,237,65,181,242,54,209,84,0,249
379,169,235,211,135,147,230,49,3,26,221,196,125,63,251,235,147
380,129,235,17,27,81,9,8,208,75,151,81,128,199,236,125,77
381,182,236,110,188,171,9,250,237,240,61,61,128,142,152,22,91
382,22,241,136,135,190,150,57,116,189,122,128,52,232,59,95,158
383,23,253,103,246,10,208,32,194,238,228,92,111,244,51,78,18
384,142,83,52,73,81,185,246,81,141,108,89,207,48,238,116,139
385,196,124,208,45,68,83,217,132,36,70,147,45,167,93,222,79
386,32,74,179,233,180,242,54,123,58,44,206,174,176,18,25,75
387,223,103,172,169,96,144,145,95,51,35,28,180,83,155,50,208
388,141,43,102,163,152,78,132,172,101,44,11,4,214,179,191,36
389,63,199,213,49,78,93,28,102,133,119,167,226,0,83,59,101
390,201,7,234,46,86,255,30,79,191,20,203,14,20,202,77,107
391,95,46,47,17,219,83,205,127,17,44,126,190,153,88,213,182
392,95,178,46,176,89,44,50,248,199,65,104,24,104,252,181,160
393,72,222,190,148,163,29,6,13,46,6,153,202,153,119,194,80
394,252,161,162,81,188,108,202,208,215,191,33,182,72,158,96,35
395,231,7,14,84,139,184,157,194,0,77,61,216,81,151,159,152
396,171,42,252,248,185,100,222,127,7,66,30,213,108,139,226,242
397,84,160,116,255,56,32,184,51,237,181,129,228,88,231,111,6
398,78,156,24,166,75,34,16,254,91,157,165,254,249,71,110,8
399,142,98,175,242,4,233,139,153,167,0,88,116,147,146,41,58
400,183,182,116,253,151,153,145,232,200,50,22,112,142,237,161,204
401,33,94,93,69,249,71,135,73,70,227,145,249,101,135,205,102
402,3,251,187,104,154,205,177,191,131,224,13,114,180,106,8,18
403,67,174,196,178,76,251,102,99,243,156,82,188,127,204,137,141
404,148,102,248,109,144,47,146,160,37,246,78,110,44,139,246,53
405,227,197,127,233,218,188,169,51,166,214,130,200,204,220,93,22
406,78,244,214,153,158,162,139,242,38,148,225,83,158,76,39,202
407,31,219,125,195,28,126,253,203,113,59,189,95,2,150,214,54
408,121,146,123,159,68,177,177,136,25,26,233,188,43,0,162,90
409,187,252,218,225,48,46,8,73,225,74,48,115,86,51,64,172
410,213,230,130,17,8,108,7,181,77,3,181,86,92,192,107,196
411,248,37,15,39,78,92,34,95,234,235,249,162,204,208,243,84
412,104,112,133,71,226,122,221,221,44,203,135,21,251,168,125,163
413,105,16,2,164,73,74,111,136,236,60,127,53,172,255,29,14
414,113,145,204,222,242,210,206,241,249,75,152,163,65,93,140,81
415,49,17,103,90,148,242,235,112,61,29,59,174,149,233,152,125
416,19,229,133,110,233,161,243,103,90,19,212,158,239,110,15,1
417,58,150,255,109,62,113,222,23,213,250,133,76,180,124,76,22
418,49,134,39,212,193,227,180,37,47,66,204,19,192,235,24,108
419,208,189,44,55,117,103,50,40,120,80,208,34,151,34,151,7
420,249,158,91,170,46,32,203,225,66,90,99,196,197,226,106,139
421,62,145,102,193,12,183,54,254,1,111,232,41,44,141,61,116
422,158,226,19,102,79,222,234,117,64,144,182,176,24,21,103,246
423,205,92,251,33,123,70,81,233,51,253,161,222,79,11,101,134
424,203,99,37,148,38,59,141,167,139,30,187,96,120,137,60,72
425,188,151,184,60,233,23,16,31,162,175,134,223,141,228,30,211
426,59,62,15,193,77,58,113,238,86,11,24,120,65,92,216,35
427,166,254,223,108,174,90,42,231,42,199,249,20,120,74,230,149
428,15,172,74,128,106,49,60,159,148,246,179,17,74,109,47,70
429,221,54,252,146,220,237,226,118,118,199,87,213,39,90,199,61
430,72,233,190,31,236,243,197,26,60,88,127,84,29,72,68,49
431,48,153,18,0,72,194,95,3,25,231,135,155,78,154,113,212
432,0,122,200,116,126,28,139,102,88,202,254,222,23,237,123,237
433,166,154,158,217,145,180,94,144,188,199,146,179,127,153,225,186
434,198,87,91,95,196,15,210,196,105,195,252,97,228,215,184,89
435,171,73,247,68,173,79,218,232,212,219,165,119,7,9,24,47
436,180,103,190,96,213,31,234,184,156,85,6,21,225,212,194,149
437,39,113,134,18,113,250,19,76,114,20,20,143,238,247,78,57
438,181,223,94,222,247,105,34,6,76,99,23,102,213,47,114,2
439,18,215,86,66,161,26,134,98,160,77,215,175,149,127,55,95
440,121,254,60,146,27,210,218,34,91,221,254,105,156,162,40,83
441,237,18,123,237,248,154,74,205,206,238,254,98,125,156,207,176
442,155,167,111,142,155,188,77,150,212,112,1,154,33,148,16,54
443,177,130,217,18,188,96,85,255,210,74,152,88,164,123,49,173
444,123,82,75,116,185,227,119,228,106,54,52,85,67,38,167,18
445,179,225,186,209,74,55,44,192,248,68,160,179,9,223,241,124
446,67,226,142,75,94,233,171,79,58,230,11,161,26,145,17,86
447,241,252,200,127,37,154,125,231,165,168,85,229,212,20,131,248
448,165,208,59,123,154,9,79,37,104,252,167,181,29,71,175,227
449,87,245,214,38,10,246,31,206,7,192,152,135,153,234,48,14
450,194,60,126,115,106,130,67,251,12,96,89,202,164,110,137,8
451,112,184,7,236,130,213,250,245,88,179,183,186,62,63,7,246
452,198,84,49,102,53,37,110,89,232,14,223,171,83,28,246,146
453,12,252,208,217,114,116,98,93,53,17,59,144,4,153,100,194
454,182,153,119,192,146,148,250,98,121,52,216,145,223,228,24,114
455,83,106,78,130,51,76,77,24,130,34,38,244,45,74,123,184
456,237,130,241,175,207,176,177,236,214,81,249,187,186,56,150,121
457,203,97,119,35,165,2,248,138,95,121,52,158,202,160,103,13
458,202,1,12,92,178,175,7,146,218,210,111,90,26,8,39,167
459,210,207,169,143,198,68,123,233,179,58,139,129,31,164,77,108
460,17,89,233,69,4,100,81,51,39,169,4,44,228,63,99,145
461,4,178,5,147,74,28,189,99,191,159,108,76,53,230,253,217
462,122,221,91,58,87,47,159,110,121,98,118,117,252,128,92,91
463,19,175,51,52,176,34,82,137,75,65,88,102,1,214,161,99
464,242,6,130,132,142,34,188,143,194,55,142,166,108,182,132,200
465,147,69,244,85,95,37,204,98,226,150,47,241,182,42,250,45
466,16,103,122,173,167,199,231,115,161,159,104,90,247,243,84,219
467,54,37,18,72,63,194,229,188,150,45,202,86,176,205,154,79
468,56,254,168,108,71,31,157,222,167,216,125,17,133,20,73,149
469,243,28,37,183,82,95,33,44,229,46,140,206,133,227,178,11
470,238,98,30,61,133,71,37,202,229,245,219,43,243,188,155,60
471,169,36,181,129,211,25,77,68,34,140,109,125,180,83,226,207
472,219,79,151,22,118,75,49,38,92,223,33,182,199,19,71,198
473,170,11,52,241,82,33,114,133,243,128,253,128,122,99,152,153
474,8,14,142,195,249,169,50,143,170,223,174,112,62,217,226,205
475,187,59,78,221,84,3,169,123,95,181,226,145,66,217,113,40
476,192,57,234,109,76,252,212,125,152,22,138,157,66,66,174,155
477,3,29,22,44,238,88,89,149,245,188,74,169,53,54,44,129
478,172,94,202,188,213,89,35,95,241,131,134,24,186,30,126,207
479,110,155,141,67,233,103,97,49,118,52,223,33,118,112,153,80
480,157,255,226,38,181,214,213,54,44,248,26,46,197,213,224,18
481,252,59,249,205,225,55,171,90,153,53,172,230,113,195,33,149
482,131,108,250,224,155,189,67,31,101,147,121,185,74,165,23,100
483,136,93,161,115,235,136,163,195,97,118,123,35,213,14,73,46
484,28,255,249,245,85,243,132,79,44,49,91,11,115,184,78,126
485,121,15,90,245,50,57,30,105,129,175,51,251,171,50,199,177
486,209,48,25,255,164,255,58,12,159,99,8,14,130,127,167,198
487,232,6,113,39,31,161,36,123,76,185,170,196,11,17,154,29
488,63,9,167,8,211,78,129,22,91,89,18,54,141,223,137,90
489,183,42,105,80,129,81,40,232,196,237,108,68,251,134,176,225
490,250,117,227,17,136,22,134,5,183,78,82,181,148,167,178,181
491,21,75,25,122,43,193,35,41,42,57,6,121,229,252,147,179
492,252,239,116,186,95,110,79,28,214,242,150,110,129,216,161,93
493,251,105,157,23,165,110,30,198,168,124,63,97,53,4,157,194
494,67,12,254,146,192,17,35,20,9,77,137,51,127,51,185,49
495,17,28,164,149,76,225,163,254,142,153,211,75,148,126,55,188
496,38,96,67,139,120,76,35,88,252,165,94,201,59,156,186,200
497,138,156,149,88,127,41,149,59,153,196,27,40,70,209,162,37
498,212,68,107,22,145,157,130,58,65,218,164,45,126,195,248,103
499,110,225,13,145,74,61,242,167,204,150,64,104,42,172,199,135
500,140,247,219,91,240,125,244,153,154,195,223,157,175,159,229,3
501,215,103,54,128,15,201,3,131,99,82,84,212,213,213,144,244
502,252,157,44,35,46,210,182,126,166,8,84,237,178,51,91,231
503,157,6,120,157,179,239,104,170,75,240,240,244,87,135,77,99
504,92,152,183,221,53,155,204,47,83,250,149,152,169,35,56,101
505,246,110,2,31,204,114,158,211,177,100,202,116,26,220,158,85
506,176,192,56,73,32,57,226,51,164,227,58,29,23,145,184,27
507,130,188,173,109,78,201,97,254,37,155,188,20,103,191,102,99
508,195,253,17,80,215,242,87,212,77,90,97,30,222,202,36,81
509,78,178,184,242,58,168,125,157,197,188,206,153,6,246,78,12
510,80,178,159,117,239,23,239,135,151,14,90,199,172,69,68,241
511,69,2,217,217,209,108,134,236,1,39,181,66,132,174,71,101
512,213,146,46,118,76,99,180,218,27,144,24,242,55,100,21,132
513,142,62,46,40,193,255,249,4,110,168,69,71,153,26,155,30
514,168,74,253,139,3,246,120,74,209,157,207,152,231,139,81,215
515,101,230,132,200,219,161,72,34,41,114,107,216,47,159,7,81
516,169,135,233,203,249,145,134,149,229,97,87,9,93,2,62,167
517,219,8,113,233,194,29,75,156,73,80,12,36,134,7,91,182
518,52,228,34,61,205,110,251,255,233,55,190,91,92,32,65,234
519,11,14,211,86,36,244,161,23,232,149,113,226,1,76,39,156
520,190,37,131,255,119,76,68,9,211,105,155,177,143,73,190,40
521,68,22,28,33,236,236,111,99,55,71,157,229,13,100,237,71
522,160,92,0,36,48,45,75,36,70,109,143,184,180,51,193,107
523,156,122,1,63,249,143,20,159,36,13,34,45,172,161,92,17
524,157,101,171,167,25,54,199,208,185,26,145,239,169,0,238,71
525,120,229,249,131,213,24,64,253,24,83,242,2,29,32,26,240
526,139,62,215,19,34,69,61,188,227,95,92,55,212,153,63,113
527,136,142,29,129,238,77,241,203,56,45,162,148,49,189,146,204
528,187,194,206,60,178,175,30,74,0,245,173,30,117,228,1,110
529,177,14,218,210,208,197,223,45,198,125,172,160,175,25,71,32
530,137,60,163,178,148,174,155,28,96,145,167,124,78,59,166,219
531,99,82,3,69,218,26,207,4,11,202,38,148,105,48,58,132
532,158,85,159,74,157,252,154,5,208,12,254,202,57,184,214,194
533,235,42,182,105,1,139,77,149,80,95,117,194,102,246,211,118
534,103,229,196,84,155,22,85,247,73,15,80,199,16,202,82,136
535,47,249,157,8,5,136,80,97,111,37,118,19,185,131,208,11
536,57,32,231,240,1,179,35,106,122,186,64,216,134,150,21,245
537,88,249,7,255,181,174,77,173,113,177,163,188,109,78,199,231
538,170,154,237,14,211,228,236,169,159,198,197,182,81,173,74,197
539,245,167,92,0,166,171,35,73,186,29,177,123,25,243,164,19
540,150,174,145,143,88,99,196,169,36,166,51,221,69,129,131,92
541,12,197,101,180,248,150,134,0,78,18,33,219,149,6,187,34
542,86,193,82,14,7,138,42,192,166,37,125,63,192,54,187,4
543,149,120,245,198,148,47,63,74,158,153,83,253,76,117,223,47
544,176,224,242,200,56,125,125,225,178,253,47,193,6,53,160,67
545,244,9,97,83,108,140,227,167,110,29,141,92,179,243,254,47
546,234,61,17,51,22,3,11,200,235,244,166,244,242,17,171,203
547,214,192,92,58,63,181,104,55,70,56,121,40,97,246,207,24
548,157,7,92,176,83,126,85,145,239,238,247,158,142,57,121,122
549,9,88,163,218,93,174,48,4,245,175,161,149,65,188,255,89
550,169,34,223,229,26,165,243,89,148,123,27,127,15,246,245,237
551,189,150,4,172,230,106,238,129,172,58,99,184,112,224,111,48
552,235,57,228,69,197,87,167,61,249,106,203,223,167,51,195,48
553,190,125,69,70,24,45,255,190,30,121,215,104,54,250,246,74
554,22,172,245,42,207,40,24,95,227,211,153,99,196,154,127,249
555,25,150,88,68,12,223,170,210,59,179,59,161,155,211,45,68
556,69,225,113,42,147,22,180,91,236,32,194,160,41,116,54,1
557,181,229,114,147,132,195,196,251,246,202,74,241,42,155,201,115
558,187,110,61,254,56,236,58,169,6,144,54,252,108,223,182,238
559,91,231,119,167,48,38,67,236,160,241,24,98,73,178,244,145
560,84,157,11,156,118,210,115,129,202,187,91,76,79,203,32,78
561,178,65,63,9,245,111,55,221,84,158,221,116,181,129,58,175
562,40,210,189,237,133,136,140,174,30,147,13,188,130,72,66,47
563,166,126,50,223,191,40,172,192,237,50,66,145,164,216,116,8
564,225,75,97,170,224,211,162,207,166,94,80,123,65,155,64,200
565,203,112,199,193,68,107,246,58,23,236,159,143,5,100,72,35
566,57,194,66,228,59,143,234,158,140,48,61,171,80,169,255,182
567,33,170,73,133,83,64,229,201,234,138,183,175,93,164,169,204
568,55,100,153,169,67,247,20,152,16,98,172,22,226,37,223,78
569,219,158,138,106,34,104,99,157,156,50,108,168,200,246,224,100
570,147,169,80,81,153,151,69,172,119,133,20,40,216,22,56,135
571,137,208,226,37,30,20,250,173,185,18,238,50,161,49,165,253
572,202,141,95,241,147,100,70,80,188,83,32,177,227,30,39,248
573,55,173,9,86,181,7,196,123,124,65,217,155,63,65,187,218
574,107,159,73,114,60,139,85,151,157,27,136,230,9,24,29,101
575,3,120,78,229,170,171,68,17,170,88,221,217,96,94,151,181
576,16,112,42,206,19,105,39,181,112,46,149,45,10,126,188,109
577,155,218,160,189,103,143,165,178,133,78,79,171,166,71,143,100
578,134,226,225,241,12,44,138,120,85,195,235,44,39,28,123,192
579,50,142,252,112,202,206,232,186,84,11,60,54,197,12,20,78
580,172,207,208,189,86,170,50,60,42,221,2,152,198,147,147,119
581,97,163,163,67,0,236,118,66,242,59,116,176,200,232,115,57
582,124,142,192,185,91,220,57,203,224,175,222,84,126,36,182,241
583,130,232,188,24,209,153,155,229,245,228,10,131,249,161,160,229
584,204,217,76,223,135,140,183,188,143,246,127,73,252,81,11,213
585,239,233,188,195,253,228,111,75,232,40,209,135,233,0,137,10
586,57,140,119,16,78,171,19,189,239,215,134,140,79,188,254,163
587,193,14,56,66,10,88,159,226,10,218,80,173,30,200,116,28
588,203,193,206,178,241,219,111,89,145,182,155,67,18,228,70,81
589,111,88,133,86,35,143,170,71,48,61,178,193,219,201,228,109
590,193,204,169,235,133,156,204,179,114,142,1,211,251,35,203,143
591,239,58,179,11,106,161,1,241,38,140,40,165,142,114,136,32
592,22,146,6,8,193,179,73,175,92,64,238,209,68,128,193,14
593,187,13,101,151,88,21,140,131,47,185,76,148,94,123,178,118
594,49,186,119,135,255,48,20,26,156,101,22,57,120,199,150,107
595,79,162,255,46,142,171,33,94,15,237,252,238,89,23,217,233
596,75,68,176,65,16,173,127,61,127,25,239,104,41,117,41,33
597,148,119,173,44,184,164,92,222,37,64,36,5,194,48,164,161
598,1,241,43,64,65,48,193,110,49,69,48,94,248,236,202,28
599,187,252,194,47,231,234,105,217,26,51,16,110,5,58,247,191
600,157,19,98,186,42,67,225,16,87,231,8,195,138,123,122,94
601,16,129,244,143,237,171,43,194,160,102,173,93,195,4,150,245
602,137,49,39,169,187,179,68,138,16,208,142,50,219,166,4,47
603,52,63,236,191,59,228,85,19,193,5,69,126,139,39,197,254
604,120,17,148,144,14,125,106,178,184,108,234,72,108,74,81,114
605,81,246,178,18,194,81,237,95,62,125,51,215,166,116,120,98
606,191,150,17,225,114,108,84,46,255,249,183,246,222,4,138,133
607,184,177,116,100,82,80,175,156,129,229,24,52,148,246,136,22
608,94,255,244,140,61,219,13,78,216,197,32,159,94,103,134,51
609,116,36,31,41,251,47,225,40,161,166,252,141,153,2,117,107
610,60,9,61,45,225,48,227,207,176,230,48,117,134,131,253,74
611,79,36,87,97,242,106,15,249,243,226,239,250,250,204,44,212
612,16,97,232,99,185,122,198,34,122,232,229,153,8,53,7,50
613,196,195,74,240,110,76,44,140,174,23,170,168,80,22,92,5
614,127,253,89,205,35,193,76,157,16,9,111,138,210,194,92,42
615,99,128,210,220,20,143,158,2,36,127,150,85,131,93,205,224
616,234,208,98,39,79,128,234,39,89,94,56,75,251,72,235,144
617,44,27,125,241,84,83,184,244,3,174,228,209,228,31,71,187
618,107,90,95,20,89,212,196,213,207,131,17,220,38,111,48,193
619,78,132,224,71,88,21,20,126,51,232,6,253,227,169,127,128
620,136,148,236,3,28,199,185,254,205,66,47,110,186,245,210,16
621,233,103,209,46,227,11,92,252,182,189,55,222,242,242,136,19
622,16,188,184,193,78,94,9,69,44,186,76,223,125,123,15,79
623,47,210,241,5,190,104,249,253,41,88,106,36,248,3,87,159
624,172,120,238,46,84,194,46,23,188,128,143,254,16,38,115,109
625,128,126,17,104,34,22,49,238,74,22,60,195,247,111,201,45
626,165,225,178,148,95,29,85,30,254,61,165,16,209,138,78,172
627,248,46,240,84,157,91,37,245,20,203,96,10,70,81,178,17
628,87,221,65,39,71,169,11,36,193,79,153,27,152,103,126,233
629,233,178,211,163,2,229,62,129,236,88,252,193,241,96,123,173
630,211,98,36,38,162,95,137,249,254,221,226,119,210,167,251,123
631,200,4,117,115,211,203,129,24,96,233,132,204,187,138,192,15
632,54,17,249,38,168,226,47,188,149,242,39,38,140,57,174,37
633,9,253,211,240,177,244,79,206,240,128,145,212,60,155,125,216
634,48,170,95,254,75,11,164,39,81,12,65,104,204,47,20,159
635,115,50,73,7,69,113,7,247,116,52,43,114,168,121,71,2
636,60,228,111,218,22,170,35,74,189,177,248,33,216,166,36,48
637,93,97,147,117,51,65,26,144,134,177,16,99,175,98,3,249
638,6,35,88,238,80,238,111,59,84,121,236,124,218,9,2,232
639,94,7,29,197,139,255,0,216,137,117,112,62,3,192,177,131
640,135,127,144,91,219,255,236,60,113,26,75,81,99,15,254,221
641,242,140,51,176,55,7,158,160,183,69,168,48,252,5,188,7
642,81,182,25,165,84,65,109,212,164,239,171,215,82,21,81,15
643,140,141,136,90,240,120,137,211,198,105,114,61,225,23,81,158
644,133,117,105,101,250,199,25,101,199,124,175,23,158,60,48,85
645,150,196,146,3,45,183,195,172,158,24,11,134,77,198,65,132
646,6,121,100,136,204,113,13,169,108,112,216,163,118,218,163,227
647,239,12,70,143,159,202,79,43,155,175,218,20,56,207,236,85
648,81,27,242,204,114,59,21,178,30,164,25,21,84,178,158,234
649,71,5,167,123,157,49,59,52,230,23,12,168,35,244,182,165
650,145,167,169,202,97,47,27,213,235,150,153,209,95,125,239,191
651,254,207,176,180,33,164,143,237,90,245,164,17,222,146,129,102
652,91,31,27,54,195,144,183,15,199,222,57,140,185,64,110,43
653,233,107,27,211,188,62,162,200,126,12,139,131,118,82,182,175
654,156,212,45,192,155,175,108,95,62,42,76,24,44,238,247,60
655,136,44,122,66,15,149,92,202,15,101,26,122,194,98,82,75
656,67,90,24,17,181,226,17,147,242,44,12,248,182,212,170,57
657,54,212,45,191,68,70,223,127,152,173,147,154,16,183,125,162
658,12,98,117,125,199,59,213,11,112,9,66,52,116,89,253,36
659,192,196,176,201,8,98,24,47,160,83,33,28,112,225,43,125
660,5,231,237,202,98,89,130,240,212,200,176,245,118,135,13,85
661,243,201,198,113,137,80,192,182,227,229,193,55,43,237,73,21
662,69,59,248,167,26,246,84,98,189,59,174,101,237,220,192,167
663,150,13,242,17,235,157,57,164,35,40,183,25,203,204,236,253
664,81,118,60,68,117,150,7,24,21,226,125,88,59,243,38,185
665,93,159,217,100,207,51,224,7,3,104,231,218,83,211,13,94
666,176,189,5,142,25,233,133,250,35,83,222,48,99,114,177,204
667,69,24,238,135,73,130,70,104,121,146,187,250,14,189,79,14
668,53,229,79,145,183,91,199,42,120,151,84,147,98,196,169,169
669,227,224,1,94,227,21,199,136,76,122,242,230,131,193,78,243
670,119,249,243,130,65,74,81,7,38,11,172,91,222,40,110,40
671,39,144,32,222,28,16,27,72,40,240,241,252,9,48,243,65
672,251,19,101,231,210,115,232,161,199,55,53,82,187,134,9,196
673,15,238,89,187,236,34,67,71,189,0,13,150,127,38,85,13
674,140,33,141,109,234,3,223,36,222,37,53,47,21,144,120,203
675,199,6,204,252,193,96,101,189,118,255,69,159,160,193,162,178
676,76,245,62,217,88,221,156,186,252,185,20,90,18,184,82,155
677,193,231,156,244,135,136,17,0,58,202,4,37,121,106,144,142
678,234,67,189,169,113,131,192,94,66,129,199,246,28,107,42,122
679,53,114,57,30,42,62,104,71,196,200,78,120,135,173,216,145
680,148,236,233,206,7,55,117,36,171,129,236,171,253,30,64,130
681,155,207,126,99,26,170,185,29,7,37,237,68,235,18,61,34
682,21,56,120,23,155,191,103,125,175,130,32,187,82,163,247,31
683,147,250,48,63,85,7,248,9,39,205,22,60,69,149,146,221
684,163,90,206,183,84,97,239,230,174,88,21,219,237,82,151,164
685,184,240,76,79,105,160,174,239,128,163,6,195,180,27,85,161
686,225,224,236,119,59,128,211,148,180,167,215,74,140,120,218,121
687,237,248,184,194,3,188,191,162,65,118,25,21,109,127,77,113
688,143,119,250,7,46,109,70,144,12,168,213,184,122,149,187,86
689,152,132,197,48,113,238,175,44,21,45,220,132,123,163,175,181
690,111,145,234,253,29,233,128,201,29,103,24,107,137,238,22,24
691,73,60,16,86,177,96,187,75,94,189,145,43,31,22,84,65
692,214,103,176,235,3,198,134,161,39,255,58,41,244,223,139,170
693,90,150,55,55,121,123,105,165,132,76,179,173,74,195,109,189
694,115,210,150,43,37,69,154,98,61,83,148,104,156,133,43,134
695,249,150,236,32,200,142,253,47,205,31,242,120,198,45,72,221
696,193,141,44,192,10,149,214,54,36,199,39,71,44,50,115,67
697,41,40,220,21,108,206,84,71,82,185,35,14,109,184,159,238
698,180,74,77,232,189,10,107,13,117,112,185,198,154,40,11,194
699,45,151,244,32,24,84,172,10,122,196,178,211,21,128,232,56
700,7,38,187,204,199,115,14,245,151,70,175,196,136,42,204,104
701,238,157,120,4,110,130,213,84,138,42,2,219,142,60,51,184
702,207,252,217,214,116,41,12,111,4,210,33,72,11,89,152,240
703,198,152,124,218,143,77,69,1,201,243,80,69,73,177,20,169
704,173,21,253,50,208,72,134,52,105,217,163,133,79,209,112,86
705,70,87,47,12,176,5,159,219,175,94,134,148,25,45,19,105
706,59,182,215,233,234,146,86,239,12,129,75,44,153,169,90,77
707,103,1,131,60,41,249,24,191,174,184,145,147,161,145,32,46
708,41,3,118,45,215,126,34,107,10,117,108,129,53,172,145,214
709,177,161,170,139,139,144,81,121,254,108,168,55,212,108,152,17
710,136,203,101,63,243,254,15,189,224,140,142,174,184,104,118,97
711,203,201,240,199,47,84,12,209,11,213,12,15,35,155,81,240
712,200,170,91,133,236,100,168,216,209,97,28,229,45,14,212,12
713,6,212,107,253,210,92,88,81,228,77,203,174,193,254,43,162
714,229,6,16,56,255,252,96,34,140,112,77,193,156,147,231,115
715,81,67,10,242,165,180,156,62,72,241,235,168,148,182,173,5
716,73,114,157,71,7,215,77,114,177,50,195,110,118,172,170,145
717,36,187,112,1,106,33,16,71,186,174,159,129,58,112,45,89
718,220,224,255,205,191,54,127,11,160,174,104,21,98,8,246,62
719,212,27,57,217,7,224,28,102,44,0,236,56,187,60,255,119
720,198,65,50,188,204,48,135,13,27,14,1,12,231,105,227,189
721,228,55,10,165,34,202,35,124,189,249,70,193,82,116,39,90
722,94,244,95,36,10,251,164,209,57,172,247,80,128,247,244,225
723,187,162,0,26,58,104,51,27,251,247,171,21,222,49,33,129
724,210,150,169,160,145,105,26,201,43,35,224,191,129,109,141,67
725,79,39,252,231,196,114,38,10,75,165,181,60,113,198,40,155
726,251,181,16,108,7,11,54,69,79,210,58,149,115,144,49,21
727,73,79,58,7,197,63,161,252,204,178,35,224,127,207,134,24
728,222,215,238,155,167,137,110,189,21,104,226,183,59,113,8,255
729,11,142,214,129,113,157,130,254,93,194,93,231,50,74,116,0
730,107,100,143,244,145,158,61,255,58,228,202,58,175,251,50,159
731,52,135,149,5,72,151,58,19,39,39,115,143,91,63,253,171
732,218,236,92,245,219,74,24,227,204,153,90,179,14,84,95,12
733,15,242,149,239,53,174,138,147,63,199,13,146,132,113,107,197
734,78,70,37,124,221,172,19,229,130,166,22,205,203,131,47,3
735,115,158,79,54,48,246,43,173,219,208,224,199,167,160,190,41
736,22,18,5,144,67,7,176,64,235,117,252,161,73,234,224,21
737,152,10,120,181,220,165,227,175,141,157,20,213,4,215,175,26
738,46,20,84,212,96,121,83,247,227,176,16,84,238,10,195,120
739,84,35,51,98,173,145,121,119,29,91,32,96,146,68,178,65
740,102,240,66,30,62,223,224,84,227,57,180,125,27,16,246,233
741,87,155,36,231,9,20,31,158,106,239,170,63,159,36,143,13
742,194,185,127,175,247,94,7,93,156,149,36,201,130,185,238,28
743,202,95,213,28,237,230,189,216,224,148,213,58,0,52,248,229
744,133,237,127,153,192,37,178,192,100,97,187,111,98,248,64,79
745,232,164,250,240,143,92,163,10,253,184,143,199,112,51,175,170
746,112,63,218,188,75,208,30,175,247,57,106,219,30,243,68,100
747,3,29,11,43,138,150,44,143,109,149,87,78,136,240,177,19
748,180,198,66,249,211,3,34,53,6,162,232,44,186,193,233,26
749,126,191,183,156,2,32,193,59,44,11,246,120,220,106,237,94
750,16,8,148,251,123,170,23,129,22,113,31,236,182,132,107,211
751,55,176,176,46,73,122,208,139,66,49,186,249,180,113,4,210
752,161,96,127,45,97,105,239,159,52,41,73,148,203,67,64,121
753,221,200,81,91,145,9,28,142,145,38,162,101,240,98,142,155
754,234,68,70,86,252,185,243,48,248,223,84,81,9,22,212,236
755,190,54,154,137,11,1,11,6,41,162,11,139,126,104,107,119
756,131,226,30,82,54,50,169,143,87,22,241,146,214,34,145,142
757,132,193,14,202,28,178,71,53,188,189,77,211,2,201,161,187
758,0,164,157,121,197,129,102,237,201,20,229,212,78,221,173,99
759,95,32,217,133,4,199,90,230,147,121,219,28,16,196,57,42
760,131,7,202,40,76,142,4,230,63,61,17,60,133,33,62,63
761,38,249,229,124,138,238,166,44,165,135,80,172,143,125,174,35
762,137,83,68,232,180,74,71,4,105,230,175,110,39,140,31,148
763,228,244,51,190,49,111,81,81,49,199,1,149,191,111,96,167
764,90,179,254,202,79,173,101,192,206,33,77,47,250,175,21,74
765,89,112,27,252,94,54,142,123,111,10,129,45,87,242,150,169
766,183,36,24,86,50,101,63,110,54,17,254,72,199,134,196,52
767,235,85,224,197,17,188,220,139,210,139,158,2,78,79,127,67
768,51,201,79,170,94,168,182,164,226,48,74,50,25,191,234,151
769,137,125,27,29,142,108,164,172,90,171,92,213,188,212,196,49
770,185,17,138,60,27,188,186,150,25,22,74,255,104,78,98,68
771,250,70,134,11,151,234,195,21,119,100,97,32,102,138,35,46
772,207,67,250,192,27,168,115,230,128,66,138,19,28,208,112,205
773,41,178,149,121,154,205,128,136,1,252,99,150,97,228,142,152
774,252,231,85,178,227,148,25,105,204,85,33,28,246,55,221,70
775,208,178,118,6,101,70,101,0,182,119,10,48,91,8,85,248
776,233,131,175,8,233,82,250,93,59,87,124,201,92,71,78,37
777,39,2,218,58,224,46,137,20,215,67,200,64,8,30,224,209
778,175,66,99,133,255,153,32,158,104,109,102,215,253,90,117,175
779,246,46,39,155,62,11,188,145,75,162,51,1,38,47,97,80
780,212,234,158,54,118,109,33,69,229,147,207,207,98,251,124,126
781,158,40,119,40,55,117,28,201,219,79,77,53,176,20,38,74
782,129,190,253,143,137,42,165,68,47,212,190,23,214,195,63,154
783,148,3,245,192,190,118,155,23,248,229,79,66,163,234,220,15
784,95,174,196,175,129,206,255,112,113,122,10,197,54,10,213,171
785,200,72,19,228,190,79,228,20,152,127,103,87,243,153,113,147
786,171,111,54,76,37,222,132,138,148,189,68,177,26,226,214,187
787,131,108,25,104,81,39,48,7,158,20,241,18,19,230,238,113
788,248,236,118,190,223,131,255,175,36,112,94,82,235,229,245,15
789,48,217,138,124,251,47,128,9,91,21,167,52,167,151,227,59
790,41,149,151,181,43,80,207,205,134,45,132,227,76,65,91,149
791,156,35,233,170,104,175,195,89,151,193,79,205,213,23,219,163
792,15,4,46,14,194,54,50,126,252,117,186,65,111,166,80,104
793,35,200,75,42,40,129,98,105,178,189,92,122,182,56,83,249
794,69,144,13,83,10,38,56,226,252,92,167,26,199,110,169,232
795,78,32,82,38,239,117,184,34,80,103,9,30,104,117,200,125
796,182,40,148,94,65,220,220,237,89,34,34,220,152,160,134,232
797,101,219,242,92,210,41,239,213,32,96,115,164,67,71,57,9
798,83,25,20,156,240,93,202,163,188,83,238,235,240,52,208,108
799,110,163,150,172,7,200,203,109,36,222,39,73,170,2,200,139
800,131,49,209,124,26,155,73,209,236,228,62,150,116,47,3,133
801,33,91,35,0,168,56,220,75,28,46,165,231,4,203,211,215
802,182,179,33,130,175,208,212,183,106,199,96,88,160,5,201,188
803,74,119,72,39,245,56,151,92,117,2,102,195,82,8,32,78
804,181,185,23,122,189,247,216,40,221,129,51,222,212,203,207,143
805,30,247,174,7,149,231,215,229,76,236,209,103,227,239,143,219
806,32,100,83,83,229,3,26,159,205,56,197,75,213,179,115,141
807,253,119,132,192,95,54,79,127,7,163,180,249,178,153,211,193
808,150,111,106,36,143,54,77,200,52,202,183,72,31,88,172,126
809,44,230,223,44,24,208,92,207,249,128,167,160,218,32,182,194
810,24,165,92,202,96,43,70,2,92,77,212,86,161,88,200,36
811,251,82,115,71,192,228,197,110,154,179,249,99,180,84,102,25
812,25,168,180,186,113,13,99,76,139,162,98,230,90,183,108,13
813,221,83,38,254,212,103,223,134,208,193,137,25,18,112,76,204
814,187,158,174,105,198,119,150,55,10,114,172,179,84,145,89,3
815,238,148,0,220,28,55,163,167,198,177,28,211,24,103,235,204
816,194,57,10,231,135,136,155,60,239,54,69,233,126,153,136,134
817,113,252,237,38,110,181,37,81,218,130,176,82,65,53,68,116
818,186,152,231,17,123,154,210,18,75,180,133,133,238,231,0,227
819,188,234,218,210,251,72,243,172,19,87,67,3,244,201,74,210
820,196,138,63,245,63,51,76,120,16,125,189,131,255,142,253,90
821,14,27,179,237,155,78,233,255,180,225,146,245,74,236,221,80
822,162,174,125,212,198,149,118,237,100,226,166,82,205,133,222,225
823,226,164,172,220,154,245,218,87,83,136,89,102,109,195,200,40
824,102,236,169,73,147,134,244,231,169,241,136,3,158,88,93,242
825,44,139,110,7,128,140,186,223,13,209,131,67,25,88,81,53
826,92,204,172,22,57,191,36,245,241,229,153,201,154,40,145,246
827,5,127,154,109,101,181,153,121,63,126,214,55,190,174,204,149
828,162,45,51,23,149,137,199,94,43,147,24,53,120,123,48,194
829,78,42,34,148,62,10,28,253,93,237,156,194,195,232,186,157
830,238,217,161,217,85,12,86,179,179,96,158,188,120,82,172,168
831,192,165,255,102,172,178,207,185,78,53,190,199,109,245,239,171
832,11,113,166,88,50,194,128,207,167,34,42,1,80,17,132,159
833,238,131,191,110,207,91,233,157,225,126,221,49,225,82,63,68
834,127,56,228,94,117,158,78,218,150,142,99,97,112,182,112,254
835,185,249,106,251,152,38,248,167,209,24,230,12,207,84,60,13
836,237,65,55,7,56,92,114,177,249,154,151,75,36,214,201,79
837,180,174,64,171,27,2,240,247,214,206,149,179,52,123,117,19
838,154,113,10,244,237,132,67,81,255,95,242,211,35,238,196,178
839,246,150,214,216,100,238,44,32,77,243,125,116,198,92,192,240
840,176,230,83,147,158,145,216,173,47,245,106,19,244,126,235,93
841,229,122,1,104,77,175,211,47,240,179,1,66,125,145,14,61
842,171,49,155,23,119,204,214,127,83,210,235,206,183,110,109,166
843,105,150,41,138,210,106,35,226,23,26,202,237,189,53,73,223
844,122,251,170,150,9,82,98,137,58,33,52,211,213,69,167,46
845,24,209,99,206,106,181,45,150,24,93,53,89,161,114,187,165
846,203,121,66,193,212,198,190,211,197,151,245,175,4,174,134,150
847,201,26,242,40,223,144,114,108,43,219,53,61,231,154,121,190
848,17,69,124,208,145,50,12,83,208,70,160,29,61,192,37,83
849,37,91,159,89,39,198,238,32,101,97,60,232,0,75,92,130
850,182,20,56,5,183,146,188,149,93,234,117,184,2,161,59,13
851,158,141,98,55,189,73,12,24,70,39,137,138,189,34,4,15
852,254,196,40,93,203,142,38,205,157,58,72,124,147,236,207,28
853,92,102,237,97,254,234,253,34,83,10,128,130,29,122,96,63
854,25,78,242,228,232,229,200,235,67,174,127,134,122,102,187,148
855,153,40,138,211,6,11,2,115,69,132,118,46,191,185,65,113
856,238,12,241,42,13,248,173,23,170,71,200,150,253,131,107,107
857,241,9,215,225,137,184,22,76,68,226,110,202,115,172,116,163
858,12,232,9,101,171,22,131,43,75,208,11,219,240,55,119,44
859,32,185,214,23,54,175,133,223,187,54,92,196,110,105,235,105
860,85,218,19,174,242,222,211,155,7,34,18,132,107,141,115,200
861,179,138,218,125,18,210,237,229,53,133,86,38,153,68,102,48
862,215,79,107,238,101,100,231,94,189,222,108,148,215,154,151,249
863,40,170,203,194,92,140,36,104,205,177,72,119,140,84,46,96
864,82,230,10,227,38,116,213,57,183,42,6,121,234,45,169,182
865,254,5,66,202,109,155,140,69,183,166,149,171,158,249,81,200
866,247,14,197,216,136,132,56,19,97,232,2,238,248,215,178,63
867,63,65,2,32,23,208,77,225,75,63,61,146,157,252,238,234
868,206,253,29,120,101,221,10,176,216,232,65,155,47,183,247,65
869,235,80,68,212,13,51,247,147,47,101,244,79,166,180,4,145
870,90,135,46,73,175,99,49,103,198,157,45,2,41,161,199,139
871,229,43,100,50,196,27,16,66,11,245,181,80,159,190,78,70
872,224,81,48,78,199,150,47,75,16,200,52,39,104,255,130,216
873,195,31,93,232,90,175,7,189,77,215,80,84,205,185,169,21
874,233,228,24,74,16,54,122,78,210,166,132,135,49,16,119,47
875,25,62,168,17,252,85,24,64,131,220,106,234,16,154,123,38
876,112,20,204,45,70,29,255,205,53,23,121,205,70,234,1,90
877,177,106,236,154,75,145,141,182,196,211,126,254,64,2,175,171
878,66,81,118,31,24,192,82,34,136,69,72,207,1,205,120,238
879,49,126,13,156,70,202,244,41,166,94,83,231,38,45,177,171
880,21,72,107,186,127,221,253,155,56,69,101,81,80,65,91,109
881,184,19,16,11,53,132,180,239,74,3,108,123,157,226,243,21
882,194,109,44,221,88,219,131,111,17,53,25,8,24,132,84,246
883,230,100,88,88,15,129,146,0,248,246,239,169,79,248,132,177
884,63,216,5,175,190,82,134,38,81,92,221,105,111,192,120,18
885,222,204,194,111,232,82,157,18,204,45,137,22,148,230,36,101
886,193,3,188,64,168,67,147,247,12,192,231,185,59,149,91,14
887,171,99,16,157,221,214,0,216,239,28,199,65,242,222,107,75
888,146,234,223,84,66,122,33,152,101,192,109,223,186,105,97,115
889,165,57,53,219,2,34,66,3,236,195,104,168,192,248,112,32
890,24,253,46,201,143,159,48,6,17,35,43,131,91,8,226,11
891,60,172,248,251,204,87,108,111,136,111,47,122,105,232,133,137
892,140,120,147,51,195,118,18,193,180,46,152,236,137,20,146,253
893,186,90,110,67,133,235,152,16,186,178,163,67,203,191,107,164
894,227,151,65,13,231,200,229,250,130,41,89,34,200,187,180,132
895,115,52,207,225,59,214,104,9,38,39,80,42,66,65,162,124
896,103,34,95,20,56,122,39,61,194,245,110,218,192,66,148,176
897,232,42,35,202,175,50,235,122,177,103,0,36,199,62,52,198
898,129,218,213,79,199,84,6,10,145,7,148,166,157,213,206,197
899,89,248,73,131,203,200,100,139,167,193,104,192,188,127,143,121
900,55,69,176,46,222,241,200,229,130,119,98,228,94,44,215,175
901,73,139,214,67,16,3,128,36,236,40,214,225,208,186,227,186
902,216,78,152,91,164,96,230,89,138,123,161,251,114,118,89,2
903,118,135,77,4,144,220,114,217,195,234,80,21,135,29,150,155
904,85,79,238,164,127,236,75,118,190,230,90,83,75,22,202,27
905,187,103,50,249,222,39,120,149,164,151,177,218,232,215,44,51
906,215,237,241,151,188,153,64,60,98,39,31,160,67,170,222,202
907,105,192,114,222,137,213,72,110,163,175,63,123,192,64,79,135
908,248,87,138,56,246,197,126,128,197,62,10,223,104,223,48,30
909,143,22,167,187,142,159,235,52,234,134,54,230,23,253,74,202
910,56,93,44,97,187,130,236,197,122,50,248,171,167,152,194,186
911,180,220,184,131,85,162,123,55,190,233,209,11,49,186,162,112
912,29,237,73,70,247,13,128,140,81,133,128,75,218,213,188,69
913,126,3,71,29,168,97,77,189,159,0,72,67,199,244,39,155
914,132,98,232,160,159,3,207,146,177,33,23,8,54,246,252,112
915,210,179,135,76,45,186,4,177,240,235,72,53,206,69,21,87
916,167,55,207,248,22,179,199,141,181,72,254,73,155,192,232,14
917,218,148,224,4,224,73,12,3,179,154,104,198,103,202,195,48
918,82,148,197,158,224,44,10,212,167,249,90,246,64,183,14,194
919,136,64,237,155,20,177,254,67,215,108,17,142,115,11,78,149
920,195,60,112,190,10,108,122,135,67,90,14,152,72,60,11,192
921,0,75,89,106,106,90,112,233,153,252,97,75,65,245,221,158
922,202,84,74,32,216,67,107,159,77,151,202,201,178,0,61,42
923,120,104,19,70,83,22,167,216,109,185,138,227,228,98,223,151
924,135,133,52,8,55,97,251,126,252,202,211,96,45,66,183,121
925,10,46,83,104,143,53,188,153,5,177,37,98,162,173,221,236
926,106,3,23,190,102,13,27,112,173,81,10,230,75,86,9,129
927,242,250,3,57,44,136,159,190,223,32,4,131,11,210,78,228
928,215,232,44,57,113,19,184,158,116,43,161,211,150,255,73,134
929,194,107,252,123,136,207,142,7,231,54,246,62,47,152,250,180
930,6,116,79,117,214,83,146,251,243,209,18,7,7,17,231,236
931,7,253,156,99,210,18,107,186,173,157,11,212,115,81,93,99
932,136,164,249,226,5,135,61,165,3,8,204,16,91,227,203,244
933,214,64,52,13,144,110,128,167,164,65,201,232,139,160,161,7
934,10,166,69,133,7,175,198,56,184,53,28,180,207,12,56,21
935,219,45,210,219,159,196,48,108,254,200,228,27,13,202,145,217
936,191,177,153,54,253,175,133,150,40,167,197,61,178,240,2,100
937,71,27,228,58,59,225,8,104,141,86,230,170,48,29,33,146
938,254,179,102,133,209,150,152,170,142,105,222,9,102,151,127,152
939,58,198,44,70,135,138,188,228,63,2,87,147,37,218,251,176
940,149,91,118,196,170,20,135,154,56,3,99,230,54,81,206,28
941,27,4,157,217,14,250,149,242,160,143,213,193,144,50,146,253
942,71,10,104,184,170,158,138,238,201,198,252,174,151,169,221,187
943,99,134,124,126,211,73,188,129,251,224,176,184,168,209,66,250
944,251,19,175,108,99,188,8,50,73,10,131,163,63,38,192,94
945,84,65,114,197,84,69,246,33,126,169,121,75,114,111,250,147
946,39,229,183,170,145,8,170,132,137,239,188,29,166,81,201,96
947,36,242,222,126,22,52,68,8,247,221,6,214,160,247,233,179
948,218,134,163,153,148,86,172,161,87,28,209,240,103,150,240,248
949,28,58,23,95,51,4,243,189,163,86,123,119,145,179,187,35
950,5,248,29,2,47,140,197,220,3,241,249,31,251,101,3,55
951,35,222,244,131,98,105,140,4,136,67,189,217,241,11,216,69
952,115,240,195,181,254,164,70,150,179,198,229,79,94,37,25,26
953,60,159,59,90,5,103,51,121,230,198,235,243,122,77,53,34
954,235,110,177,155,62,96,215,160,14,153,91,135,16,119,212,51
955,119,49,96,118,188,200,240,95,51,92,73,93,88,3,36,74
956,8,180,154,227,64,35,102,24,174,192,147,168,246,63,237,103
957,206,206,35,193,237,4,89,43,48,117,37,156,170,90,180,16
958,71,25,5,220,50,128,186,62,237,24,200,56,163,2,130,60
959,119,232,132,149,218,13,48,60,132,217,55,253,168,16,24,146
960,185,51,26,243,155,241,45,178,125,45,129,231,116,11,178,72
961,42,119,141,61,173,147,100,76,117,57,246,110,235,110,149,29
962,242,233,142,80,30,59,24,182,85,224,25,96,32,223,5,35
963,206,96,124,87,15,41,245,22,40,136,108,225,76,219,124,98
964,165,217,39,158,252,255,91,219,106,17,249,220,25,127,22,130
965,32,130,194,157,186,229,81,174,243,143,253,178,245,109,172,6
966,111,161,84,121,217,249,154,165,190,188,16,250,84,245,9,213
967,201,214,89,149,139,220,138,21,72,58,172,144,2,13,30,253
968,83,125,102,250,63,111,158,166,60,23,0,91,245,176,74,7
969,100,52,250,160,152,30,253,121,166,40,84,111,76,176,244,65
970,109,205,220,238,102,69,90,141,232,50,136,136,86,42,26,205
971,241,48,162,243,201,141,225,177,35,243,95,251,216,10,156,97
972,77,239,73,48,182,71,36,170,222,137,167,151,243,95,89,9
973,67,149,248,246,107,47,62,105,6,184,114,22,91,102,111,89
974,139,247,86,170,151,24,143,101,166,30,240,25,184,146,39,201
975,213,0,10,130,76,100,208,135,235,88,148,209,110,245,104,78
976,6,205,88,119,241,84,109,47,80,140,163,200,41,211,193,80
977,150,20,225,140,208,142,77,68,3,255,78,117,214,56,83,148
978,89,26,6,172,249,94,131,96,235,146,247,131,245,229,51,191
979,34,203,113,173,144,163,152,119,218,91,68,9,115,240,20,139
980,252,158,192,72,192,87,88,150,201,164,31,6,99,224,73,202
981,241,107,94,20,241,47,94,155,57,27,198,228,85,35,111,214
982,155,92,245,199,246,198,190,252,17,240,136,232,33,44,81,11
983,242,141,29,92,67,64,155,1,143,39,217,184,99,160,218,98
984,26,35,31,216,126,108,116,11,40,105,208,103,246,65,30,95
985,26,202,242,200,222,192,133,193,113,19,63,180,53,160,216,197
986,203,253,218,190,58,196,124,71,102,72,248,109,211,183,220,229
987,97,128,58,95,189,190,100,218,170,81,240,25,130,234,96,110
988,88,236,144,205,150,179,146,103,157,140,75,98,200,37,38,6
989,182,54,158,117,33,31,212,8,89,164,144,225,181,4,204,45
990,219,146,69,152,94,224,86,117,244,247,128,65,87,72,236,24
991,92,29,147,18,177,68,231,207,163,68,94,226,32,248,200,146
992,163,45,246,54,71,60,147,100,143,11,152,109,166,255,155,22
993,63,48,184,193,151,20,189,60,122,78,30,253,85,30,221,158
994,54,119,18,58,202,58,56,158,140,129,237,215,26,137,19,237
995,182,104,142,69,39,250,252,219,232,233,118,207,21,121,241,72
996,248,217,140,195,173,45,121,2,204,186,4,218,202,154,228,220
997,54,155,7,177,129,75,178,95,121,165,72,100,114,28,91,88
998,7,134,11,60,223,89,144,214,18,180,147,105,90,186,82,104
999,121,110,108,102,178,159,35,132,49,157,136,117,125,33,1,26
