0,116,132
1,184,197
2,235,103
3,159,237
4,215,14
5,19,69
6,171,170
7,68,111
8,247,28
9,244,234
10,54,115
11,237,251
12,64,124
13,128,155
14,119,239
15,137,14
16,60,217
17,158,171
18,219,99
19,71,53
20,247,215
21,138,24
22,97,182
23,137,175
24,162,173
25,78,26
26,146,73
27,3,186
28,71,114
29,72,57
30,252,21
31,111,167
32,87,177
33,43,12
34,89,173
35,15,128
36,29,74
37,70,31
38,76,117
39,116,69
40,189,96
41,91,58
42,189,70
43,211,61
44,59,238
45,178,89
46,47,168
47,121,246
48,17,119
49,151,78
50,34,28
51,243,196
52,124,148
53,232,217
54,95,29
55,170,131
56,2,76
57,240,139
58,101,49
59,222,112
60,10,173
61,96,91
62,142,209
63,61,159
64,73,155
65,186,47
66,86,253
67,81,122
68,154,184
69,64,16
70,52,3
71,162,70
72,99,6
73,28,212
74,211,100
75,81,75
76,5,26
77,14,93
78,253,210
79,172,168
80,241,221
81,222,99
82,151,219
83,60,69
84,225,65
85,76,242
86,4,67
87,139,164
88,121,230
89,78,96
90,248,252
91,245,120
92,229,82
93,246,141
94,60,99
95,172,2
96,122,47
97,107,156
98,41,177
99,63,69
100,61,48
101,41,54
102,184,116
103,187,248
104,22,47
105,166,166
106,192,177
107,219,245
108,33,156
109,115,188
110,184,96
111,124,172
112,187,183
113,237,112
114,146,12
115,1,165
116,75,171
117,135,194
118,158,231
119,36,187
120,149,134
121,208,21
122,34,225
123,41,46
124,30,234
125,95,180
126,67,57
127,96,238
128,188,107
129,237,170
130,59,155
131,94,216
132,162,225
133,11,86
134,63,245
135,83,184
136,79,86
137,255,135
138,111,63
139,137,2
140,166,202
141,164,222
142,40,189
143,17,30
144,1,203
145,45,126
146,146,168
147,90,17
148,160,179
149,52,193
150,212,220
151,123,19
152,202,130
153,131,214
154,105,189
155,207,73
156,50,95
157,138,160
158,35,167
159,125,135
160,184,59
161,178,31
162,44,3
163,135,109
164,81,151
165,53,15
166,223,161
167,7,161
168,20,2
169,113,22
170,145,19
171,64,66
172,140,207
173,62,6
174,183,125
175,79,222
176,95,119
177,47,65
178,110,212
179,83,81
180,229,56
181,67,77
182,98,140
183,49,28
184,208,208
185,233,247
186,67,128
187,254,132
188,57,181
189,15,49
190,106,59
191,185,201
192,93,164
193,72,248
194,43,222
195,190,128
196,52,80
197,227,67
198,58,161
199,42,169
200,120,190
201,116,202
202,4,47
203,42,213
204,57,10
205,235,7
206,92,74
207,18,5
208,7,127
209,41,130
210,208,178
211,245,98
212,214,70
213,179,188
214,23,183
215,68,47
216,72,156
217,253,171
218,159,209
219,30,135
220,150,14
221,137,176
222,197,73
223,181,152
224,152,40
225,250,114
226,136,71
227,92,7
228,79,2
229,31,205
230,156,141
231,169,9
232,97,74
233,222,78
234,121,220
235,96,183
236,71,173
237,218,74
238,205,26
239,169,155
240,154,12
241,176,195
242,231,132
243,125,84
244,196,131
245,160,168
246,22,120
247,28,141
248,155,26
249,137,249
250,171,252
251,183,21
252,224,225
253,37,116
254,75,197
255,152,26
256,64,105
257,170,78
258,144,55
259,101,240
260,196,174
261,231,109
262,94,17
263,58,224
264,135,21
265,76,22
266,92,50
267,225,142
268,147,148
269,108,11
270,231,159
271,137,134
272,52,242
273,185,40
274,97,251
275,226,97
276,169,222
277,132,130
278,82,129
279,209,169
280,34,159
281,169,248
282,217,25
283,133,120
284,8,121
285,121,189
286,16,74
287,230,67
288,77,16
289,237,93
290,158,131
291,49,220
292,1,171
293,142,245
294,124,200
295,186,19
296,186,240
297,207,56
298,247,227
299,187,175
300,128,105
301,48,215
302,100,246
303,74,191
304,195,58
305,208,157
306,157,218
307,146,78
308,138,120
309,183,93
310,76,161
311,183,166
312,131,244
313,160,66
314,39,118
315,201,40
316,202,182
317,151,215
318,236,117
319,152,172
320,72,244
321,104,66
322,117,15
323,70,25
324,67,50
325,101,191
326,124,100
327,225,116
328,94,2
329,219,128
330,220,67
331,129,114
332,137,255
333,19,78
334,195,155
335,221,197
336,152,224
337,154,64
338,39,200
339,117,2
340,11,214
341,58,1
342,18,130
343,31,29
344,84,238
345,219,174
346,164,63
347,210,186
348,81,3
349,99,118
350,146,110
351,116,169
352,252,122
353,107,124
354,213,75
355,126,220
356,78,45
357,157,85
358,134,8
359,32,35
360,54,0
361,111,205
362,138,146
363,246,182
364,8,237
365,211,32
366,122,154
367,1,81
368,55,223
369,140,4
370,105,109
371,44,96
372,75,75
373,183,55
374,127,173
375,102,29
376,0,64
377,71,68
378,53,106
379,213,12
380,39,156
381,38,87
382,215,191
383,165,149
384,108,65
385,207,174
386,80,237
387,96,192
388,100,69
389,106,99
390,196,242
391,208,50
392,93,161
393,132,161
394,79,132
395,4,174
396,63,110
397,185,79
398,100,254
399,5,72
400,109,112
401,233,156
402,163,200
403,145,105
404,1,167
405,197,92
406,182,201
407,58,116
408,231,143
409,213,122
410,159,221
411,250,170
412,89,2
413,98,29
414,68,98
415,149,107
416,2,1
417,18,36
418,98,232
419,199,127
420,132,43
421,106,233
422,2,83
423,151,136
424,143,82
425,184,254
426,118,13
427,229,239
428,162,124
429,133,170
430,107,133
431,179,240
432,157,149
433,255,159
434,35,206
435,118,142
436,210,35
437,113,44
438,226,29
439,35,44
440,192,207
441,76,163
442,203,216
443,171,131
444,232,193
445,230,116
446,227,20
447,3,152
448,2,182
449,178,156
450,200,164
451,192,236
452,226,43
453,70,167
454,139,120
455,17,5
456,169,44
457,61,123
458,167,101
459,152,184
460,103,50
461,171,143
462,123,143
463,149,97
464,90,219
465,164,244
466,183,60
467,169,84
468,237,144
469,252,214
470,52,81
471,75,81
472,62,205
473,80,174
474,73,162
475,41,203
476,109,103
477,36,109
478,79,229
479,92,13
480,62,0
481,202,76
482,18,124
483,169,50
484,161,246
485,153,202
486,69,37
487,184,227
488,106,44
489,255,155
490,143,88
491,144,128
492,71,98
493,192,235
494,177,81
495,100,58
496,48,95
497,239,115
498,106,183
499,48,42
500,233,193
501,226,70
502,34,113
503,136,247
504,239,16
505,179,26
506,30,108
507,85,44
508,7,196
509,196,32
510,254,11
511,86,148
512,5,202
513,238,43
514,126,116
515,144,76
516,204,175
517,20,227
518,21,60
519,120,164
520,23,101
521,202,202
522,165,189
523,145,120
524,52,119
525,196,69
526,196,149
527,191,23
528,57,211
529,114,32
530,205,133
531,214,59
532,33,186
533,226,42
534,161,119
535,94,229
536,0,43
537,195,128
538,199,46
539,133,101
540,121,137
541,213,242
542,194,97
543,89,51
544,71,119
545,12,50
546,218,191
547,149,56
548,223,15
549,117,153
550,3,142
551,158,243
552,116,60
553,1,130
554,65,246
555,111,148
556,64,58
557,182,220
558,62,54
559,6,80
560,83,201
561,109,49
562,188,60
563,163,37
564,183,138
565,47,81
566,216,249
567,122,185
568,70,103
569,111,165
570,27,230
571,207,87
572,19,166
573,241,139
574,172,233
575,93,173
576,242,123
577,212,56
578,26,155
579,201,195
580,67,105
581,91,57
582,158,153
583,84,120
584,201,243
585,89,53
586,214,6
587,112,235
588,34,69
589,197,111
590,116,3
591,250,123
592,9,121
593,214,83
594,178,35
595,174,108
596,109,63
597,63,160
598,180,49
599,51,172
600,35,70
601,156,205
602,130,220
603,144,27
604,214,220
605,186,227
606,173,239
607,13,102
608,151,152
609,159,93
610,56,177
611,145,155
612,135,184
613,81,147
614,230,7
615,124,203
616,181,40
617,20,203
618,135,174
619,88,94
620,138,180
621,149,113
622,156,183
623,88,47
624,218,22
625,181,187
626,33,232
627,163,59
628,214,222
629,9,185
630,6,103
631,93,104
632,22,48
633,206,251
634,143,59
635,36,237
636,13,144
637,45,238
638,133,222
639,41,239
640,75,142
641,184,137
642,208,16
643,28,99
644,214,67
645,9,110
646,103,45
647,53,217
648,121,237
649,31,95
650,34,95
651,82,237
652,160,221
653,57,208
654,180,109
655,245,203
656,160,190
657,181,44
658,153,161
659,151,118
660,187,102
661,50,184
662,216,53
663,4,177
664,153,112
665,80,58
666,187,58
667,223,8
668,108,157
669,246,90
670,109,27
671,166,255
672,7,170
673,206,193
674,76,111
675,252,152
676,252,227
677,197,84
678,24,67
679,76,60
680,249,202
681,61,65
682,81,7
683,114,33
684,229,236
685,15,201
686,205,38
687,118,227
688,232,113
689,22,220
690,101,129
691,233,244
692,128,27
693,187,154
694,233,81
695,9,239
696,229,15
697,147,200
698,203,96
699,97,142
700,142,45
701,216,15
702,3,43
703,38,56
704,103,237
705,86,192
706,82,61
707,79,194
708,69,50
709,15,80
710,194,6
711,241,215
712,152,38
713,200,131
714,118,121
715,51,8
716,212,4
717,97,136
718,33,2
719,225,49
720,20,123
721,232,210
722,59,191
723,92,44
724,123,185
725,5,160
726,227,127
727,131,100
728,120,9
729,128,119
730,181,172
731,238,201
732,169,184
733,117,203
734,48,46
735,199,59
736,56,60
737,221,57
738,73,85
739,82,55
740,195,113
741,255,111
742,144,252
743,60,215
744,143,156
745,153,228
746,254,124
747,165,227
748,127,233
749,101,22
750,188,99
751,224,181
752,149,55
753,11,174
754,131,173
755,224,48
756,5,141
757,97,122
758,8,228
759,93,213
760,188,199
761,97,165
762,178,151
763,184,98
764,38,8
765,30,205
766,77,172
767,222,2
768,57,244
769,140,5
770,184,77
771,118,37
772,116,9
773,244,215
774,163,172
775,208,164
776,54,44
777,114,128
778,57,88
779,82,183
780,7,45
781,255,142
782,79,173
783,62,135
784,191,2
785,27,237
786,249,185
787,5,216
788,41,143
789,88,60
790,169,23
791,158,133
792,193,20
793,186,237
794,252,65
795,157,223
796,73,166
797,6,89
798,244,132
799,59,9
800,159,223
801,225,97
802,34,230
803,202,194
804,228,102
805,254,170
806,86,83
807,137,189
808,42,4
809,43,216
810,165,246
811,50,213
812,74,228
813,183,81
814,123,198
815,35,248
816,251,222
817,46,76
818,0,89
819,129,147
820,105,234
821,43,223
822,140,118
823,51,180
824,135,130
825,148,204
826,56,50
827,61,198
828,4,44
829,88,140
830,117,23
831,127,20
832,105,108
833,144,236
834,119,150
835,157,189
836,6,29
837,133,42
838,191,216
839,105,205
840,177,134
841,34,33
842,120,58
843,208,149
844,241,125
845,108,226
846,147,0
847,66,73
848,220,93
849,69,57
850,243,124
851,180,184
852,165,6
853,138,193
854,252,78
855,132,24
856,14,144
857,34,82
858,76,247
859,4,216
860,145,111
861,136,172
862,188,54
863,244,43
864,159,227
865,209,89
866,96,236
867,88,78
868,53,27
869,117,4
870,192,2
871,96,151
872,237,204
873,111,164
874,16,60
875,252,105
876,104,155
877,162,132
878,37,225
879,208,81
880,117,100
881,144,167
882,232,159
883,171,2
884,26,0
885,115,232
886,23,233
887,105,55
888,47,130
889,117,45
890,39,82
891,253,92
892,25,74
893,63,18
894,80,26
895,217,129
896,203,153
897,112,190
898,205,58
899,61,64
900,33,103
901,139,246
902,158,165
903,6,34
904,70,85
905,207,39
906,61,122
907,122,157
908,229,149
909,11,195
910,4,15
911,26,244
912,137,115
913,229,67
914,33,147
915,27,8
916,184,11
917,50,36
918,110,248
919,40,200
920,245,81
921,23,106
922,169,144
923,61,237
924,22,53
925,56,140
926,3,137
927,38,53
928,243,48
929,77,217
930,155,72
931,48,1
932,218,216
933,123,242
934,204,228
935,68,74
936,183,79
937,165,168
938,235,52
939,53,234
940,83,210
941,41,91
942,9,181
943,164,197
944,220,234
945,21,65
946,191,188
947,9,215
948,46,77
949,132,66
950,62,162
951,165,190
952,130,141
953,62,103
954,115,153
955,139,243
956,13,237
957,94,50
958,222,232
959,247,173
960,209,136
961,149,176
962,191,229
963,194,9
964,128,212
965,38,43
966,160,121
967,191,154
968,168,150
969,122,169
970,212,234
971,102,32
972,114,195
973,218,82
974,105,119
975,81,89
976,59,228
977,180,247
978,56,132
979,187,76
980,234,109
981,127,158
982,50,50
983,93,134
984,112,240
985,57,230
986,198,211
987,174,249
988,13,6
989,78,174
990,73,4
991,220,1
992,20,217
993,146,9
994,115,39
995,152,46
996,160,73
997,239,247
998,216,157
999,13,28
