0,135,185,52,174,238,105,243,188
1,168,70,112,39,2,245,46,186
2,13,56,167,111,71,26,38,38
3,36,145,20,204,117,241,140,91
4,206,7,177,132,48,111,245,242
5,170,207,66,157,88,247,250,120
6,18,160,175,202,230,16,115,155
7,24,96,255,50,110,15,115,247
8,68,178,73,145,104,252,250,105
9,144,198,251,183,182,145,121,176
10,141,0,24,77,184,12,207,12
11,240,252,99,103,106,197,225,91
12,30,17,9,83,174,225,202,50
13,129,255,9,211,227,63,109,94
14,117,166,110,200,91,196,92,74
15,182,185,125,78,21,110,36,169
16,22,43,24,24,91,50,136,244
17,13,162,255,225,147,117,158,84
18,121,175,239,169,146,56,156,179
19,130,170,114,166,63,79,184,185
20,30,249,208,148,45,207,210,242
21,31,76,171,116,26,203,105,32
22,21,217,194,150,236,204,18,119
23,144,223,209,42,224,230,169,86
24,105,215,176,149,12,49,140,186
25,220,130,162,19,92,140,156,181
26,49,185,73,86,79,222,218,211
27,140,50,207,41,160,213,133,119
28,72,171,174,78,253,244,223,247
29,254,244,207,57,143,39,29,97
30,221,233,16,158,232,103,165,164
31,151,30,198,26,103,246,95,16
32,100,57,102,185,180,159,216,249
33,31,22,122,150,56,249,228,141
34,158,164,219,46,4,17,170,239
35,124,50,102,162,113,8,89,223
36,189,38,164,152,73,55,66,85
37,127,125,83,5,243,6,185,195
38,210,84,79,201,72,89,253,208
39,158,139,48,156,96,131,62,204
40,17,47,205,134,155,6,35,64
41,178,161,239,191,123,4,74,127
42,165,147,184,141,207,43,217,77
43,24,230,166,147,225,8,170,73
44,8,19,163,170,205,46,110,1
45,213,91,76,61,120,80,2,71
46,37,26,109,24,182,128,83,155
47,150,192,185,59,71,245,58,71
48,191,170,233,121,112,120,88,30
49,172,195,208,100,155,70,57,142
50,220,31,83,17,123,130,251,62
51,93,5,246,89,183,155,81,38
52,36,175,98,32,206,228,230,161
53,51,218,64,87,109,112,37,223
54,139,174,246,131,214,170,235,163
55,13,214,240,180,81,146,226,55
56,165,186,169,245,221,122,28,19
57,48,131,57,144,118,31,34,210
58,120,100,200,149,102,99,194,150
59,150,217,96,108,226,175,204,69
60,188,235,114,143,82,224,99,155
61,47,79,165,175,30,226,194,73
62,204,41,246,22,205,174,13,38
63,227,160,146,92,155,31,65,169
64,197,201,152,241,96,40,150,195
65,121,154,170,121,209,92,45,118
66,137,84,94,106,171,69,153,114
67,185,154,124,229,73,25,189,95
68,177,204,149,77,150,107,63,106
69,120,122,157,159,245,255,70,41
70,151,191,32,72,5,192,60,224
71,75,33,31,193,152,191,4,176
72,13,32,209,229,99,154,127,95
73,32,252,105,177,20,39,44,236
74,100,79,78,216,135,62,125,57
75,3,8,159,66,216,146,177,219
76,219,16,80,125,197,23,32,38
77,185,53,247,209,217,18,117,94
78,151,107,54,160,56,8,180,48
79,2,76,158,146,195,16,213,77
80,192,170,58,242,147,140,97,95
81,173,163,25,157,75,59,202,101
82,93,235,201,215,3,189,20,215
83,209,70,73,106,210,243,27,220
84,13,15,196,93,243,131,221,94
85,199,93,103,209,204,157,63,156
86,197,232,168,136,182,120,32,114
87,204,251,176,192,139,137,0,147
88,21,245,244,85,117,66,43,105
89,96,153,159,39,100,74,0,142
90,182,16,60,14,216,125,12,65
91,189,243,208,240,94,184,151,129
92,91,221,192,207,78,100,170,31
93,13,253,5,230,201,240,206,66
94,249,221,127,111,236,226,146,164
95,48,41,222,226,130,24,85,19
96,25,117,18,13,63,180,243,135
97,57,67,56,182,178,178,192,130
98,213,69,212,10,152,189,172,52
99,250,133,80,156,87,186,111,117
100,151,174,26,44,155,202,128,75
101,56,181,13,34,232,241,219,118
102,195,85,129,35,43,80,192,66
103,115,110,34,221,208,3,69,131
104,215,5,144,202,242,236,255,151
105,75,235,221,93,167,103,238,5
106,182,68,70,194,21,182,180,57
107,236,230,214,40,93,49,87,181
108,27,118,64,72,233,166,201,39
109,31,106,217,184,184,46,63,124
110,121,110,146,112,177,151,121,110
111,209,185,182,198,223,1,73,166
112,184,171,133,27,172,178,20,248
113,61,137,217,85,216,34,137,255
114,158,202,210,76,9,81,117,221
115,7,70,207,74,33,238,114,149
116,200,206,16,196,140,145,70,41
117,240,44,33,145,225,40,192,75
118,139,74,95,248,237,48,100,70
119,251,73,37,5,77,158,124,119
120,39,153,154,213,65,113,251,124
121,32,207,173,171,56,210,37,48
122,15,172,138,222,251,28,38,57
123,233,65,178,247,246,222,144,13
124,75,18,235,151,80,208,57,11
125,158,96,116,30,3,230,40,105
126,26,68,65,82,8,77,243,139
127,210,230,146,186,23,213,134,139
128,114,113,193,197,21,93,74,154
129,113,113,40,58,156,71,148,43
130,252,42,215,8,107,130,131,176
131,179,46,244,229,162,196,178,61
132,158,199,15,222,245,159,206,29
133,136,46,249,112,212,189,144,4
134,198,100,97,102,175,49,160,129
135,96,97,73,100,12,242,178,191
136,241,196,38,153,49,217,111,220
137,107,178,202,220,116,33,222,138
138,56,125,60,49,49,66,163,237
139,167,193,44,82,105,56,204,56
140,209,60,39,228,226,178,201,206
141,100,37,109,135,131,100,247,69
142,198,11,32,10,22,196,101,12
143,22,70,139,194,124,172,90,32
144,106,214,103,12,152,28,249,143
145,143,45,89,224,210,0,108,110
146,49,172,94,82,47,35,17,37
147,3,226,136,7,96,234,194,13
148,4,109,33,113,31,254,101,135
149,111,46,91,236,82,63,17,238
150,56,235,183,218,64,104,116,19
151,68,222,157,246,37,134,127,14
152,173,163,11,86,229,28,33,182
153,110,223,199,186,163,240,127,47
154,218,159,73,245,45,235,40,154
155,27,199,119,155,251,24,173,11
156,180,36,72,84,139,192,138,175
157,213,174,161,129,119,238,88,46
158,180,54,35,91,137,21,54,32
159,216,101,19,238,99,109,177,172
160,128,28,52,211,25,172,145,54
161,184,113,73,255,47,24,222,90
162,231,112,242,111,10,150,168,85
163,180,79,150,251,221,85,91,78
164,55,91,146,50,84,193,43,6
165,91,243,36,149,63,27,91,188
166,35,17,71,82,105,169,124,61
167,88,133,96,6,162,150,44,128
168,189,173,147,243,188,237,114,74
169,133,195,185,146,219,169,201,231
170,58,253,2,92,29,204,147,43
171,162,158,222,42,227,127,17,133
172,132,224,59,144,174,220,245,48
173,78,226,214,62,103,137,85,47
174,207,72,81,98,129,130,254,26
175,27,15,158,235,9,155,61,99
176,182,254,163,99,44,233,177,50
177,223,183,46,27,41,12,39,176
178,152,186,213,93,222,149,69,252
179,160,244,18,71,123,5,136,250
180,50,54,153,34,200,201,56,132
181,170,219,238,229,194,99,249,149
182,182,62,93,231,220,83,19,104
183,198,248,161,191,108,221,223,163
184,218,246,26,126,56,130,138,36
185,146,55,221,190,241,80,251,45
186,158,198,195,19,207,84,206,53
187,109,200,105,211,44,95,56,218
188,191,183,46,83,9,28,17,32
189,138,232,103,33,18,198,133,74
190,31,32,97,23,122,58,167,124
191,9,147,67,129,123,27,160,111
192,151,251,157,245,250,149,82,121
193,48,133,54,8,231,215,19,103
194,243,58,166,92,161,249,136,138
195,38,37,129,51,105,207,205,192
196,18,248,2,21,128,147,205,55
197,207,38,188,200,42,149,20,22
198,109,89,74,88,23,23,123,47
199,152,8,238,173,49,91,192,126
200,125,120,187,190,231,94,127,33
201,99,196,64,44,88,71,252,55
202,186,189,156,206,156,120,245,0
203,228,64,133,114,160,97,243,121
204,61,104,54,236,160,148,156,163
205,12,108,231,68,79,132,47,125
206,50,63,106,222,49,34,151,253
207,100,17,108,34,129,253,148,247
208,161,155,28,60,46,33,241,83
209,117,189,55,112,38,180,47,182
210,72,84,14,116,69,131,212,36
211,148,88,162,77,136,36,79,17
212,131,56,216,56,56,250,115,177
213,180,59,157,38,212,103,157,94
214,130,12,19,139,80,192,9,103
215,29,244,246,71,74,32,35,155
216,66,92,250,179,73,18,124,123
217,28,241,105,232,14,21,132,253
218,19,121,247,204,73,122,126,145
219,19,200,174,111,178,175,198,23
220,150,117,249,199,166,26,54,56
221,131,229,205,253,251,191,117,201
222,132,13,135,6,141,155,217,145
223,231,189,123,111,130,64,15,43
224,171,187,212,234,217,119,177,106
225,132,221,84,98,32,236,231,24
226,236,103,100,255,160,165,123,174
227,140,106,24,250,85,217,251,39
228,34,113,6,154,82,5,38,228
229,41,246,90,105,21,139,112,22
230,74,18,21,28,91,249,73,36
231,87,184,53,123,167,18,174,15
232,86,68,101,34,186,15,233,203
233,156,136,0,162,131,53,67,66
234,106,177,65,98,248,171,97,174
235,14,43,21,72,97,188,18,178
236,137,100,86,248,98,19,132,198
237,55,224,27,109,224,82,123,62
238,227,36,130,87,138,79,70,112
239,176,43,112,193,110,162,113,68
240,80,208,218,57,92,188,137,205
241,160,74,161,209,116,153,183,91
242,165,20,87,48,86,71,231,212
243,110,233,13,244,206,240,176,8
244,234,76,5,181,181,168,128,40
245,71,231,23,6,36,119,131,118
246,169,120,174,225,146,25,40,200
247,93,80,155,48,179,180,130,126
248,219,139,68,29,89,101,146,22
249,230,219,115,54,129,213,7,158
250,35,134,148,132,7,61,67,236
251,91,138,72,25,38,10,61,158
252,100,16,9,194,23,57,92,155
253,109,72,4,255,153,193,141,1
254,220,154,121,153,27,243,168,35
255,170,146,147,177,167,96,168,149
256,82,51,80,116,78,31,103,247
257,231,153,211,37,15,113,77,160
258,16,138,147,155,190,147,191,18
259,192,90,221,217,92,94,101,150
260,154,228,131,245,188,146,220,72
261,218,163,2,3,254,47,5,80
262,112,234,230,116,191,232,27,1
263,198,3,51,208,64,241,99,41
264,79,153,59,137,241,145,213,213
265,140,19,163,54,20,165,232,130
266,173,197,93,73,0,3,152,175
267,89,162,220,34,214,245,218,138
268,113,234,90,27,241,97,234,126
269,208,170,152,247,126,3,77,83
270,34,68,134,25,22,18,233,134
271,244,26,29,157,231,2,87,141
272,9,102,8,124,104,156,94,221
273,184,213,226,186,22,142,179,106
274,8,202,110,188,202,184,17,187
275,149,132,190,177,189,213,84,144
276,28,19,10,63,25,244,130,134
277,200,7,245,132,79,14,144,23
278,203,250,22,186,254,103,72,219
279,17,170,204,211,106,224,225,240
280,250,31,245,168,225,64,193,247
281,20,113,139,111,112,154,110,65
282,234,52,1,117,123,60,209,58
283,170,19,19,84,142,119,210,136
284,87,68,191,57,228,70,218,176
285,220,133,105,247,141,70,211,154
286,243,2,106,52,30,214,53,210
287,72,31,221,55,40,35,2,193
288,195,96,47,85,104,198,198,241
289,25,201,178,114,202,53,119,162
290,15,242,140,131,244,182,121,1
291,246,178,106,116,232,140,30,159
292,239,182,166,123,195,68,204,165
293,121,127,36,76,94,138,72,230
294,166,104,143,106,175,154,174,192
295,14,247,160,67,132,144,124,94
296,78,103,202,160,0,30,68,243
297,94,154,226,117,221,186,183,26
298,150,218,140,2,9,91,128,178
299,152,170,132,211,154,244,137,25
300,133,154,134,25,159,81,128,247
301,66,136,51,137,77,187,219,105
302,132,3,50,223,133,207,39,166
303,98,124,227,5,143,55,53,245
304,51,209,244,169,251,143,108,43
305,32,71,187,51,114,158,212,158
306,183,128,136,214,31,38,73,254
307,74,4,192,149,246,4,244,91
308,142,248,146,27,214,13,82,240
309,66,83,189,75,238,0,8,139
310,23,102,69,151,84,77,74,134
311,66,192,255,70,253,206,211,178
312,87,155,106,1,141,150,82,197
313,17,223,205,38,157,225,163,64
314,179,67,84,167,27,206,130,39
315,128,167,198,129,92,255,10,47
316,155,213,128,5,107,93,255,165
317,82,225,132,163,185,92,234,136
318,101,19,226,46,57,185,235,14
319,107,211,38,238,79,85,167,34
320,212,106,48,84,167,16,181,18
321,94,111,181,118,66,188,216,45
322,9,162,155,30,132,255,180,187
323,189,175,118,136,13,214,196,82
324,216,149,220,164,131,175,13,67
325,201,234,154,35,44,120,138,137
326,197,233,117,56,128,223,68,114
327,83,66,242,167,72,238,198,225
328,28,8,130,84,15,159,11,255
329,0,131,126,53,209,140,248,223
330,235,205,161,97,235,201,39,156
331,55,7,20,134,54,37,43,56
332,210,155,162,29,23,131,115,161
333,98,133,103,53,41,180,119,251
334,238,221,26,219,170,71,108,142
335,97,209,45,194,151,255,107,126
336,86,42,14,232,177,81,200,195
337,67,249,58,205,70,6,140,156
338,237,120,72,205,151,96,241,57
339,169,71,183,75,69,116,89,22
340,120,42,14,52,241,45,130,18
341,109,21,224,176,150,114,142,40
342,79,231,75,173,186,9,19,69
343,110,112,230,90,200,144,158,165
344,11,109,102,153,64,132,231,205
345,147,4,226,181,103,158,143,40
346,252,235,88,248,100,10,88,17
347,117,203,246,216,113,177,185,40
348,96,142,181,223,223,225,19,111
349,55,115,8,171,57,167,20,13
350,160,55,190,207,179,233,121,35
351,123,124,183,189,116,232,15,135
352,1,159,181,57,5,15,181,249
353,136,123,113,104,70,61,32,192
354,144,91,0,230,242,90,101,118
355,252,12,211,236,144,244,136,61
356,76,119,215,12,43,243,235,112
357,180,86,171,145,222,169,1,118
358,183,165,143,75,104,166,168,62
359,176,52,86,9,177,108,58,129
360,98,60,183,215,249,168,217,252
361,46,98,69,152,254,42,117,84
362,32,114,160,139,7,163,194,137
363,59,62,235,194,34,121,155,124
364,231,157,247,177,85,98,100,53
365,108,255,94,120,176,59,148,84
366,150,103,161,172,128,151,237,83
367,149,118,97,22,190,190,201,7
368,30,52,237,226,29,136,157,22
369,150,180,183,163,177,56,12,251
370,210,42,202,132,58,178,207,123
371,164,42,226,22,164,220,89,111
372,208,166,177,22,5,156,90,27
373,169,38,184,177,218,222,37,84
374,198,255,72,225,185,122,147,41
375,142,186,110,152,246,24,51,201
376,145,233,14,160,18,84,122,4
377,154,107,253,66,205,56,26,177
378,115,220,139,21,216,193,252,17
379,60,67,16,108,25,160,0,72
380,215,68,202,100,72,133,84,200
381,220,30,211,159,104,95,53,187
382,228,111,43,82,119,147,216,47
383,150,73,82,131,252,240,159,30
384,99,118,198,207,237,64,220,43
385,239,207,68,136,131,165,63,72
386,168,144,237,100,10,175,103,94
387,243,7,110,147,225,227,41,107
388,131,152,139,110,3,189,233,128
389,78,67,9,203,101,161,189,123
390,119,172,105,66,135,250,44,96
391,59,186,183,176,45,209,5,172
392,170,44,161,155,82,121,49,15
393,107,253,15,9,142,146,117,168
394,94,148,192,247,64,118,175,203
395,67,148,198,102,193,99,131,57
396,215,216,84,194,172,38,109,176
397,8,165,237,56,58,178,197,139
398,4,79,0,104,35,56,166,96
399,217,172,224,193,79,122,141,77
400,85,91,70,195,199,201,46,254
401,149,177,213,90,46,218,67,64
402,132,75,153,110,215,224,17,78
403,9,136,28,214,58,188,218,17
404,81,44,112,237,66,171,217,196
405,254,240,142,247,76,20,47,131
406,95,137,114,204,67,23,190,218
407,20,189,190,68,124,64,53,58
408,196,77,236,11,80,125,90,3
409,108,83,219,191,102,137,45,195
410,250,61,31,127,252,128,191,243
411,159,20,93,43,15,225,84,162
412,48,209,45,17,131,70,246,50
413,126,152,241,251,222,78,205,113
414,63,84,170,228,24,189,71,41
415,148,202,56,28,88,168,175,117
416,181,142,12,226,67,141,216,21
417,117,61,85,32,129,148,101,33
418,195,114,138,55,219,228,123,151
419,59,92,80,135,29,224,244,104
420,248,129,48,171,99,70,195,205
421,215,67,206,46,49,185,176,241
422,18,227,33,240,221,1,169,45
423,3,101,188,29,123,71,127,110
424,98,106,89,86,97,0,111,135
425,4,74,193,61,203,188,192,186
426,125,249,108,113,0,16,113,233
427,135,15,188,173,101,222,94,128
428,51,13,7,159,196,212,31,86
429,69,114,145,197,221,142,186,135
430,16,90,66,148,218,255,89,117
431,66,144,7,249,35,225,101,235
432,230,178,247,56,43,148,211,186
433,201,156,131,36,148,198,224,219
434,15,195,181,146,255,48,77,174
435,125,64,218,4,91,85,210,167
436,117,71,5,138,110,188,182,74
437,31,108,146,213,120,53,108,55
438,143,186,17,185,172,244,145,153
439,235,183,59,93,32,196,246,52
440,224,190,234,144,123,163,48,12
441,157,170,200,230,109,225,174,117
442,161,176,247,139,94,146,151,58
443,131,132,4,220,123,145,115,134
444,159,28,82,72,68,113,38,243
445,64,104,148,37,112,213,255,93
446,147,23,18,165,203,75,77,220
447,8,238,35,92,9,109,130,119
448,86,174,211,66,93,76,240,8
449,135,135,155,134,168,93,2,19
450,201,229,238,15,188,218,76,56
451,199,74,156,240,17,114,199,60
452,102,255,65,194,189,84,106,185
453,179,250,133,67,45,30,172,195
454,165,11,106,88,83,252,128,14
455,15,99,196,12,165,93,51,114
456,215,238,222,255,34,212,200,214
457,14,110,73,51,27,144,156,23
458,8,92,67,19,52,120,180,164
459,215,114,62,45,75,103,115,34
460,14,133,230,252,156,60,130,178
461,156,182,119,220,110,89,67,253
462,230,100,69,41,13,32,144,170
463,31,35,46,113,159,64,110,93
464,225,245,252,114,186,83,255,238
465,194,141,252,187,25,10,83,46
466,114,181,145,137,10,95,129,16
467,128,47,47,180,139,173,70,215
468,119,73,237,96,228,56,95,113
469,103,37,227,74,235,186,253,0
470,93,27,129,165,175,194,16,56
471,121,9,131,156,114,69,118,16
472,132,74,88,168,75,148,250,4
473,5,13,151,59,179,4,131,9
474,170,77,173,91,142,253,37,33
475,231,25,3,33,242,206,113,134
476,88,16,173,75,18,154,9,25
477,49,228,30,109,48,232,137,250
478,148,131,138,165,108,253,182,235
479,60,4,71,19,154,192,79,108
480,66,200,11,190,8,62,254,60
481,25,94,212,25,60,10,194,86
482,16,138,40,172,69,110,104,81
483,228,141,144,14,51,96,13,110
484,200,41,124,215,150,57,9,170
485,116,23,30,189,196,209,94,103
486,96,188,136,176,183,77,150,131
487,97,133,238,115,3,6,215,1
488,54,27,14,209,72,60,69,151
489,106,192,163,55,2,235,208,251
490,57,114,22,76,81,243,73,238
491,159,69,28,211,159,254,220,174
492,254,15,72,235,132,251,22,148
493,240,15,117,160,125,178,82,112
494,255,101,189,146,73,38,157,109
495,246,68,168,85,184,140,51,251
496,116,135,120,35,222,96,58,166
497,25,14,196,98,79,234,200,135
498,155,125,20,125,22,170,17,93
499,107,50,198,147,118,143,74,72
500,85,78,105,131,146,152,249,132
501,219,52,137,252,43,109,98,125
502,97,147,47,63,108,207,70,36
503,154,51,111,115,210,72,102,71
504,175,231,233,142,173,75,14,121
505,202,203,168,13,173,41,146,242
506,137,164,139,233,35,132,173,150
507,223,152,54,120,118,189,172,109
508,145,163,184,64,75,164,184,120
509,71,49,26,13,110,16,203,18
510,196,249,142,233,126,111,153,206
511,51,188,85,10,167,72,56,251
512,27,242,71,44,135,147,121,208
513,170,101,139,68,94,87,147,144
514,96,182,54,227,88,122,74,231
515,53,100,136,59,170,182,195,4
516,94,94,228,49,136,210,1,14
517,210,95,250,121,220,167,88,227
518,131,101,83,96,187,108,93,34
519,243,58,15,129,59,153,85,1
520,144,187,176,70,58,41,199,137
521,191,198,211,219,31,161,159,78
522,252,233,234,221,80,2,43,244
523,225,205,126,234,123,43,128,113
524,25,5,6,227,38,121,209,18
525,141,107,10,162,89,75,244,48
526,40,107,45,171,69,254,152,129
527,138,179,195,76,238,95,177,251
528,238,116,175,127,241,0,35,84
529,113,27,172,233,39,221,44,35
530,108,174,150,44,5,201,199,247
531,111,41,232,232,250,139,1,159
532,206,57,122,170,0,97,96,82
533,41,68,120,63,191,109,120,90
534,195,91,159,233,104,3,70,93
535,165,211,22,15,106,54,36,110
536,193,114,178,62,195,241,25,158
537,87,226,232,119,105,253,191,209
538,228,192,142,255,184,166,29,64
539,158,7,83,53,119,133,211,73
540,127,209,237,45,34,192,70,170
541,99,71,64,43,183,104,196,190
542,122,115,236,103,37,26,80,213
543,173,38,123,5,213,207,80,44
544,32,108,191,96,144,229,105,201
545,64,46,23,121,11,182,161,213
546,243,121,12,154,25,211,78,246
547,187,141,248,237,73,199,116,128
548,165,69,188,55,68,137,232,88
549,177,163,225,125,217,75,7,204
550,95,78,56,4,246,243,200,151
551,185,146,187,161,62,209,195,248
552,214,255,106,30,21,56,9,147
553,127,54,236,255,48,118,207,168
554,240,102,246,217,176,97,123,22
555,59,17,232,21,227,246,22,116
556,244,73,127,189,127,237,33,140
557,38,8,99,219,13,235,87,93
558,128,155,238,196,215,237,97,0
559,210,17,200,118,78,243,81,113
560,194,114,9,61,70,98,112,207
561,119,31,209,168,238,142,44,46
562,182,18,230,230,127,238,216,180
563,152,240,119,151,32,242,158,125
564,96,181,231,45,71,33,40,51
565,167,145,144,13,42,48,127,82
566,62,10,101,182,141,229,41,123
567,108,171,199,88,52,92,190,58
568,123,179,43,122,227,216,33,77
569,101,2,204,91,147,159,239,116
570,145,33,106,55,238,158,9,124
571,108,173,237,137,208,83,229,99
572,91,161,206,254,157,104,189,15
573,79,236,112,212,212,162,18,100
574,220,132,199,7,45,81,129,36
575,30,179,93,194,218,68,155,97
576,51,160,75,51,79,59,115,18
577,109,61,153,55,33,76,89,168
578,114,156,145,202,243,77,189,113
579,204,71,113,180,143,38,58,229
580,94,206,141,115,141,86,144,3
581,27,199,8,252,157,58,185,66
582,87,154,53,103,229,149,86,166
583,159,62,64,120,77,207,102,9
584,218,132,198,89,170,180,154,194
585,229,249,8,202,17,39,164,79
586,100,134,167,165,115,10,128,236
587,226,215,57,83,205,238,36,130
588,170,68,148,179,224,87,235,162
589,220,118,89,175,98,108,202,230
590,118,52,43,158,254,150,159,90
591,4,221,253,112,115,42,238,81
592,130,220,18,151,37,164,241,85
593,222,243,152,131,77,220,50,192
594,62,174,66,140,240,203,220,226
595,202,103,241,28,30,220,99,132
596,76,53,59,10,22,119,156,3
597,87,229,155,15,235,124,20,47
598,28,140,41,108,43,150,16,172
599,56,155,14,240,247,238,244,125
600,2,88,49,193,154,130,129,5
601,241,137,87,103,117,165,4,216
602,151,193,131,0,108,98,174,92
603,173,16,112,129,206,86,47,67
604,93,32,220,125,155,100,29,206
605,188,183,184,3,206,3,241,186
606,225,87,147,164,9,71,20,183
607,183,52,33,249,118,186,9,93
608,217,30,104,126,103,7,208,123
609,75,5,254,7,88,243,101,248
610,250,156,157,127,148,181,195,62
611,26,79,160,56,171,174,189,178
612,138,49,35,147,64,187,253,141
613,71,189,16,80,135,198,155,247
614,223,63,219,138,235,33,12,39
615,140,143,167,228,244,21,181,247
616,80,75,50,57,128,147,226,72
617,246,36,80,177,186,96,223,56
618,86,223,153,248,34,51,170,68
619,166,165,172,250,23,37,254,35
620,212,232,168,98,243,134,140,64
621,52,149,110,237,221,191,185,133
622,201,142,228,109,223,248,193,86
623,139,122,162,77,135,136,210,109
624,226,184,120,71,200,207,137,140
625,103,227,180,232,77,219,106,226
626,182,189,94,145,138,141,213,67
627,195,108,113,140,89,37,160,83
628,149,246,195,220,179,10,191,37
629,227,154,78,148,128,110,50,200
630,59,37,168,132,246,213,35,181
631,202,165,178,51,69,0,49,41
632,217,248,4,87,170,154,236,235
633,70,135,21,20,246,23,226,42
634,47,19,240,156,221,168,239,169
635,219,247,37,1,37,195,79,177
636,193,99,157,88,204,200,95,210
637,71,16,81,154,232,100,62,193
638,83,175,26,10,205,8,61,96
639,97,216,98,93,122,104,124,64
640,52,159,55,31,239,42,79,190
641,124,233,253,123,70,57,176,37
642,24,179,254,211,242,214,117,61
643,175,229,74,61,117,124,56,230
644,109,238,140,100,74,198,111,126
645,147,137,3,1,114,22,185,41
646,125,15,82,157,78,132,116,9
647,96,117,180,255,14,141,83,32
648,205,192,0,68,211,118,31,127
649,127,0,246,112,64,198,195,4
650,122,255,160,221,205,77,143,33
651,240,195,215,190,145,51,202,155
652,141,175,164,202,178,19,214,148
653,32,146,209,204,194,231,176,197
654,139,22,235,214,193,110,252,17
655,13,39,241,159,61,56,179,115
656,183,178,13,139,98,217,54,125
657,216,171,35,206,82,212,190,137
658,197,180,96,253,70,219,43,17
659,25,223,170,154,97,109,182,135
660,254,252,141,228,249,144,73,132
661,156,158,74,151,99,119,54,2
662,9,115,175,39,9,250,145,238
663,97,232,181,55,128,141,146,76
664,229,18,70,68,10,249,109,205
665,244,187,31,163,154,115,105,193
666,195,0,126,27,242,222,85,225
667,140,105,47,200,252,212,48,177
668,194,138,153,33,186,244,113,208
669,118,47,159,103,164,52,117,204
670,203,231,118,249,52,126,116,198
671,191,50,57,154,192,169,195,137
672,12,4,124,243,114,240,91,118
673,46,61,26,47,95,95,98,252
674,202,209,116,249,71,119,207,66
675,238,200,82,162,119,243,114,252
676,137,204,25,215,178,19,90,98
677,133,64,88,189,183,37,254,165
678,198,180,79,5,60,198,162,82
679,242,129,232,27,194,131,22,132
680,198,181,99,65,150,174,103,229
681,22,4,57,15,214,240,17,5
682,49,110,192,174,5,6,238,190
683,193,55,172,170,245,49,124,239
684,113,155,241,76,113,101,22,22
685,249,239,89,241,18,250,90,255
686,31,86,229,243,18,176,76,254
687,105,6,35,110,218,7,187,242
688,247,32,198,36,27,163,12,154
689,3,119,46,183,31,66,214,155
690,2,63,227,104,224,220,175,252
691,60,158,237,144,246,23,21,187
692,10,19,111,3,85,202,171,142
693,128,108,29,191,13,91,219,211
694,131,108,34,52,227,255,146,74
695,176,166,84,203,215,116,227,19
696,109,13,252,79,229,164,100,29
697,217,149,24,34,130,169,122,39
698,238,235,170,101,96,48,18,59
699,111,174,141,112,228,197,14,134
700,156,186,95,73,193,148,58,65
701,182,26,48,33,194,115,177,122
702,181,242,24,34,161,110,123,103
703,43,51,60,88,51,254,157,21
704,199,86,156,220,242,15,241,41
705,21,68,163,204,243,93,230,184
706,128,159,179,47,17,91,182,24
707,149,55,183,94,229,183,194,241
708,164,221,97,0,145,202,105,204
709,208,3,241,96,45,193,53,198
710,98,175,33,86,199,13,49,29
711,21,230,125,199,133,168,255,191
712,148,103,115,57,110,52,168,32
713,28,216,97,224,205,104,10,57
714,144,168,49,26,228,73,172,140
715,180,202,118,39,236,193,214,226
716,157,55,126,172,216,174,12,129
717,130,124,141,102,137,39,129,88
718,58,235,75,76,103,210,118,229
719,183,25,103,63,45,102,128,86
720,187,0,188,83,12,252,53,186
721,194,226,104,175,210,214,27,232
722,246,67,243,252,217,48,151,41
723,119,138,37,83,2,76,60,139
724,2,209,254,191,206,134,13,57
725,51,15,60,90,241,52,59,59
726,60,92,246,56,105,116,98,78
727,230,65,9,124,67,119,157,204
728,26,58,145,3,157,204,139,243
729,23,53,48,103,110,32,247,17
730,126,174,167,48,228,136,0,161
731,75,77,25,109,219,216,116,178
732,142,35,124,38,18,161,152,99
733,96,171,191,108,62,184,171,185
734,77,92,192,39,23,122,88,153
735,187,44,122,55,201,9,186,31
736,109,201,162,189,230,172,170,65
737,113,50,178,2,49,221,226,3
738,27,124,97,204,23,66,242,129
739,184,243,144,133,162,180,14,61
740,196,122,58,21,23,157,130,84
741,76,9,27,237,40,142,9,118
742,11,90,165,90,230,152,65,157
743,148,116,106,202,25,16,65,11
744,110,121,43,120,184,177,165,253
745,186,85,195,125,144,176,110,77
746,91,37,95,33,8,59,213,48
747,253,3,222,244,11,4,106,243
748,177,150,188,16,226,236,243,216
749,233,87,156,165,163,171,16,199
750,224,143,103,224,119,68,6,231
751,73,64,236,16,147,107,8,233
752,58,247,41,220,73,158,244,25
753,249,250,177,78,233,117,180,50
754,25,220,17,118,121,244,129,54
755,236,129,217,100,159,249,183,141
756,234,144,149,62,254,157,79,3
757,5,36,11,98,130,111,208,76
758,84,234,51,118,227,137,72,24
759,171,59,134,141,142,62,236,222
760,244,208,207,173,201,206,242,15
761,29,108,32,19,185,177,190,98
762,111,157,89,5,60,138,157,183
763,2,13,137,14,78,81,59,245
764,215,251,131,240,181,96,96,62
765,181,138,49,211,81,46,189,196
766,162,73,133,160,67,32,90,132
767,61,207,125,212,134,147,183,65
768,168,180,58,124,57,88,177,13
769,10,45,44,141,35,61,62,245
770,237,130,23,52,96,231,55,51
771,201,58,19,66,61,25,205,215
772,50,66,194,108,136,206,191,155
773,254,149,143,149,120,3,1,43
774,139,231,78,10,116,198,123,26
775,52,158,96,38,141,53,63,66
776,110,247,105,140,133,119,252,109
777,227,130,191,206,172,58,124,158
778,9,85,232,23,147,64,156,136
779,107,41,230,46,213,163,154,98
780,203,83,159,1,225,236,123,101
781,194,243,98,142,153,221,15,14
782,104,16,91,28,31,209,77,121
783,169,63,218,90,247,209,201,211
784,207,84,110,6,216,47,162,93
785,148,57,51,179,61,56,136,40
786,214,96,47,38,204,196,114,53
787,150,100,42,220,19,206,38,88
788,139,120,81,73,18,246,7,236
789,238,216,216,124,48,205,114,36
790,126,20,246,223,2,9,143,90
791,32,54,188,255,78,84,168,211
792,102,240,232,92,52,52,1,213
793,163,185,46,146,92,170,174,47
794,240,131,90,64,48,150,18,211
795,141,248,109,122,23,124,141,76
796,184,129,11,190,135,98,94,155
797,222,46,151,205,114,146,223,39
798,147,117,208,21,118,187,24,44
799,57,46,75,196,123,137,32,114
800,195,156,183,0,78,15,206,198
801,49,73,193,51,178,146,32,19
802,184,131,100,224,61,3,29,220
803,142,206,142,222,243,87,3,52
804,118,32,86,129,61,39,113,69
805,17,252,112,176,107,108,135,237
806,189,96,34,147,53,15,16,241
807,177,118,204,23,61,244,136,218
808,144,86,237,70,155,134,30,136
809,81,152,191,4,200,111,241,51
810,194,157,159,159,46,246,94,168
811,100,70,236,74,187,202,151,44
812,143,145,158,104,126,67,204,181
813,13,15,99,109,95,37,167,191
814,122,89,23,227,100,163,101,103
815,156,184,84,15,209,247,166,28
816,246,13,11,153,179,66,176,141
817,138,142,101,138,5,108,62,104
818,137,92,182,237,163,180,217,174
819,74,20,213,111,210,64,52,128
820,112,117,18,74,209,131,130,126
821,142,231,220,245,104,100,89,240
822,255,48,109,27,218,93,139,96
823,223,244,212,138,229,41,90,81
824,59,161,110,225,225,179,117,81
825,167,79,43,24,237,206,164,183
826,99,163,244,15,138,201,44,4
827,0,85,48,181,124,167,226,243
828,114,253,173,141,57,132,86,15
829,240,226,45,186,86,57,170,185
830,208,53,91,254,163,129,112,101
831,238,188,101,150,199,250,115,8
832,169,42,10,50,249,58,91,135
833,194,138,236,196,164,162,239,82
834,179,7,199,91,66,72,37,32
835,42,237,107,185,174,39,68,72
836,90,70,153,239,167,2,34,255
837,221,163,76,194,206,233,226,79
838,142,167,185,84,206,10,182,153
839,195,174,214,21,212,143,220,235
840,176,114,93,184,119,139,86,141
841,139,1,59,152,169,171,12,198
842,95,95,136,178,7,58,155,216
843,232,33,171,23,25,40,97,12
844,29,251,182,147,179,87,133,158
845,49,188,212,248,169,0,30,56
846,15,104,98,135,109,62,49,212
847,30,44,122,157,38,222,245,168
848,75,192,166,226,206,86,166,28
849,218,84,6,8,214,147,59,123
850,128,149,126,63,151,87,136,160
851,184,112,51,109,123,137,158,153
852,226,61,124,80,147,65,198,200
853,48,159,60,198,147,159,30,236
854,172,238,219,130,227,135,152,8
855,253,87,53,162,133,16,57,28
856,161,213,86,209,4,47,101,53
857,117,13,114,167,162,83,127,106
858,88,184,38,115,26,254,98,15
859,136,173,27,155,50,35,1,101
860,73,192,6,59,83,240,2,241
861,232,190,90,231,237,8,84,162
862,219,118,56,202,103,133,133,223
863,87,76,200,214,149,29,27,183
864,232,48,203,0,136,174,78,84
865,31,229,243,27,156,233,79,20
866,130,81,180,65,71,105,182,154
867,23,90,50,79,5,133,181,134
868,234,44,111,116,73,68,147,122
869,223,254,30,119,232,109,57,115
870,252,121,64,222,204,104,173,155
871,27,153,97,207,72,172,44,38
872,139,144,65,54,73,221,197,226
873,222,85,179,80,49,64,138,188
874,105,242,220,152,207,33,253,152
875,145,68,53,192,58,243,199,123
876,26,199,100,48,212,85,188,60
877,1,93,143,79,229,255,220,169
878,113,87,213,206,136,132,87,55
879,103,255,101,236,135,46,121,59
880,140,181,8,173,13,215,35,223
881,140,90,37,236,161,98,164,221
882,249,10,214,33,2,188,186,129
883,102,90,55,188,221,166,46,52
884,239,78,246,9,72,62,142,94
885,200,220,6,147,25,60,181,96
886,235,83,150,29,254,40,22,200
887,5,99,126,118,42,65,45,24
888,37,101,251,128,10,181,62,216
889,159,133,234,8,73,228,26,229
890,146,248,163,62,181,202,209,110
891,106,200,78,228,89,71,2,91
892,129,31,181,137,48,28,20,96
893,170,172,177,136,102,124,179,86
894,7,188,199,215,2,183,196,27
895,39,15,236,8,30,74,115,146
896,175,171,52,88,186,173,48,24
897,54,65,234,28,27,151,37,44
898,60,91,146,66,108,16,31,217
899,43,85,131,53,62,174,6,221
900,114,149,3,242,190,92,187,111
901,192,148,76,169,127,194,146,10
902,23,102,117,245,160,247,186,152
903,97,42,12,50,221,85,150,222
904,193,93,2,88,247,129,100,16
905,98,94,180,58,95,114,166,42
906,28,165,7,237,192,1,86,159
907,144,247,253,202,86,227,104,177
908,171,175,169,82,134,59,255,242
909,182,162,29,253,66,200,103,14
910,59,88,219,241,39,176,72,96
911,229,115,42,92,21,51,99,119
912,152,218,28,73,77,28,222,18
913,178,221,23,129,182,196,91,245
914,35,241,125,45,7,109,19,61
915,182,178,112,225,244,89,190,223
916,98,238,170,200,116,142,78,93
917,243,12,55,167,95,77,117,165
918,181,192,6,168,110,125,112,173
919,254,58,141,236,159,217,203,69
920,184,16,25,7,147,127,195,58
921,1,250,6,207,82,161,82,243
922,5,13,207,21,55,126,61,83
923,5,177,200,34,128,110,74,203
924,96,125,93,23,2,202,53,66
925,7,100,240,188,46,164,63,153
926,120,38,191,118,88,225,224,118
927,202,153,196,170,168,254,196,10
928,204,189,36,42,199,229,35,160
929,126,115,173,182,124,144,147,214
930,107,214,187,30,22,233,150,101
931,145,159,26,28,73,41,124,189
932,128,140,191,107,179,74,202,156
933,82,250,165,90,215,132,211,82
934,254,220,172,141,161,163,41,73
935,56,244,49,97,37,248,103,4
936,209,238,240,247,29,40,3,202
937,247,22,214,177,81,122,27,211
938,101,194,167,159,151,105,156,216
939,179,67,204,18,147,54,177,165
940,117,248,9,107,198,209,83,102
941,245,141,178,247,170,20,100,48
942,92,179,179,152,227,94,58,115
943,66,173,219,202,125,219,86,218
944,112,199,242,138,93,105,165,89
945,104,139,129,154,191,214,5,25
946,32,184,167,139,139,114,156,52
947,226,90,7,249,231,41,57,41
948,203,44,134,129,47,86,49,102
949,247,46,180,251,197,56,20,33
950,146,235,168,148,220,93,22,90
951,103,32,121,169,125,217,90,195
952,169,131,208,64,119,245,18,254
953,193,92,195,91,199,28,0,142
954,215,29,196,111,127,40,17,165
955,212,175,98,191,163,248,143,235
956,44,65,165,108,208,9,7,64
957,183,114,255,143,236,36,10,125
958,35,103,41,234,245,172,212,29
959,102,223,189,53,135,220,72,237
960,178,177,25,105,89,111,226,164
961,246,64,228,226,252,109,254,193
962,7,46,125,170,236,151,57,186
963,211,121,207,206,197,187,230,16
964,228,98,83,5,237,149,38,198
965,144,215,102,181,175,37,192,26
966,227,29,201,208,12,113,208,123
967,61,43,228,190,254,105,28,37
968,28,193,60,46,12,46,74,230
969,72,166,188,88,65,134,37,39
970,226,137,143,238,150,37,239,102
971,93,243,201,210,2,171,224,10
972,161,111,142,81,230,170,52,135
973,202,111,45,155,197,178,151,169
974,15,202,114,226,121,131,43,237
975,96,174,131,140,247,187,97,196
976,53,188,188,194,5,237,92,189
977,209,129,79,150,200,237,4,143
978,3,5,252,250,59,77,198,64
979,253,51,194,186,12,94,150,158
980,122,222,58,202,42,197,24,160
981,196,206,78,47,172,186,165,72
982,157,229,11,0,86,62,129,6
983,56,120,148,8,41,37,206,207
984,171,76,162,201,191,170,156,110
985,76,77,170,212,83,93,0,223
986,95,197,77,149,115,148,97,2
987,101,78,207,2,42,71,214,46
988,46,220,54,238,119,50,32,206
989,92,46,243,243,136,52,202,96
990,207,206,97,105,8,155,225,25
991,217,50,193,29,28,168,40,104
992,115,253,57,11,146,209,189,191
993,40,95,4,163,179,122,6,9
994,124,133,24,203,222,187,12,76
995,206,166,149,47,0,116,165,68
996,174,179,177,7,70,83,108,185
997,157,223,53,18,71,232,253,188
998,11,69,71,22,0,133,10,18
999,4,161,246,225,149,222,99,111
