0,219,126,236,219,166,139,192,164,217,194,146,159,53,99,186,6
1,67,151,36,216,142,122,167,20,142,226,147,100,158,99,137,52
2,7,38,108,73,171,225,179,163,31,200,216,95,102,204,178,83
3,31,23,200,214,31,114,212,1,37,198,237,194,136,109,97,57
4,73,218,16,40,129,88,146,163,108,10,71,148,196,173,112,164
5,46,135,33,39,80,122,6,123,61,26,68,172,226,53,45,230
6,78,35,45,145,250,41,6,202,177,241,191,165,68,109,136,137
7,197,69,12,239,153,83,7,137,52,141,62,110,39,120,92,211
8,51,154,233,57,202,132,128,224,195,21,37,89,248,154,172,109
9,103,1,155,155,56,64,210,147,113,233,120,210,142,60,15,148
10,145,55,134,56,198,135,11,105,68,67,12,34,71,240,161,154
11,12,101,231,208,108,136,245,251,144,63,69,218,73,44,48,149
12,30,235,211,181,57,221,90,96,51,112,171,223,97,164,140,139
13,46,77,79,109,5,209,105,168,127,76,255,39,75,113,30,124
14,78,21,86,231,208,129,149,39,169,41,163,155,98,114,45,6
15,36,18,167,49,209,233,116,244,250,138,103,180,243,149,135,158
16,131,71,167,253,169,34,103,34,58,240,29,205,186,243,106,135
17,70,109,215,126,94,106,13,148,241,126,145,57,68,237,217,4
18,66,229,118,87,235,178,212,125,134,19,172,144,67,182,203,121
19,86,112,114,176,155,207,52,225,93,185,238,214,5,255,215,113
20,245,22,196,164,134,149,69,166,109,123,142,91,154,158,74,183
21,181,14,183,159,205,99,222,24,250,14,219,126,104,121,208,2
22,178,138,214,95,132,249,94,231,109,228,183,183,41,6,16,223
23,224,192,129,178,92,155,209,253,106,122,70,146,158,35,248,213
24,141,150,75,32,118,210,17,187,172,23,43,111,108,40,137,241
25,183,185,180,22,255,87,14,117,65,66,229,70,237,93,95,58
26,243,35,234,82,118,248,114,70,40,149,47,189,244,79,91,182
27,11,51,139,142,187,126,48,135,123,206,119,63,190,157,11,249
28,142,248,164,193,72,236,204,131,145,51,196,250,158,66,199,124
29,248,75,101,99,61,142,88,71,218,171,164,231,26,114,176,30
30,50,207,65,140,15,197,125,145,77,44,253,64,128,132,222,154
31,134,252,121,238,16,127,17,59,176,78,221,10,46,148,144,212
32,81,201,66,233,30,188,5,191,32,49,152,150,25,201,31,65
33,15,163,3,68,39,160,183,156,139,5,218,38,66,108,245,208
34,125,177,111,79,96,229,230,183,9,222,119,13,49,59,241,28
35,250,164,91,118,69,195,228,16,82,160,35,255,162,173,205,198
36,107,147,161,124,218,130,186,90,182,52,93,100,245,3,136,61
37,49,152,127,250,182,96,88,77,72,80,44,233,16,107,235,103
38,9,49,44,211,200,133,15,204,53,125,135,159,205,142,156,211
39,232,157,149,168,238,20,228,42,115,53,128,88,29,58,100,120
40,21,191,140,155,204,178,131,44,59,42,140,39,107,35,143,50
41,44,46,209,211,114,3,215,155,247,43,128,35,8,207,148,106
42,192,130,182,155,193,234,158,116,164,37,23,218,144,54,106,168
43,188,23,88,11,167,168,107,26,205,66,46,12,148,169,55,2
44,215,186,159,147,156,19,244,12,145,24,235,163,13,3,63,152
45,162,3,139,233,242,130,177,3,110,113,146,0,78,64,55,148
46,0,100,117,15,236,48,1,135,181,38,188,9,125,239,113,108
47,39,17,77,142,177,42,132,83,226,254,36,152,215,50,131,69
48,109,87,6,26,118,19,72,17,71,162,86,58,54,41,81,204
49,123,12,173,43,149,74,248,92,182,21,212,84,164,2,159,217
50,172,40,219,77,94,62,55,0,33,47,155,27,245,23,167,168
51,184,173,141,49,202,255,201,227,95,28,21,17,177,201,64,147
52,241,115,130,188,120,95,67,32,132,220,203,202,194,1,152,135
53,163,126,180,160,131,28,80,44,133,56,134,69,182,130,153,160
54,112,239,138,63,40,251,211,32,11,183,157,35,139,136,108,174
55,182,195,209,230,81,207,116,113,183,133,163,109,77,74,190,140
56,66,217,172,151,95,184,91,180,61,80,179,199,254,94,180,137
57,254,8,241,238,229,53,32,70,7,138,14,62,152,41,176,74
58,75,53,176,241,44,203,70,222,84,175,208,17,22,191,88,235
59,51,181,228,185,154,74,182,112,12,87,224,19,219,233,132,66
60,175,100,117,74,111,15,26,233,162,75,109,155,226,59,252,143
61,164,68,22,32,100,188,9,159,214,228,150,23,143,101,47,242
62,83,142,177,39,30,63,97,140,40,102,21,177,9,53,78,118
63,103,130,85,50,143,48,80,158,68,28,4,169,116,229,112,152
64,220,98,231,49,164,215,205,192,206,106,23,70,128,184,174,129
65,86,107,12,168,226,95,159,105,65,33,227,132,18,254,92,107
66,196,172,3,47,219,20,33,192,205,183,10,233,3,1,195,229
67,77,24,107,255,141,157,99,184,114,70,105,29,62,115,16,227
68,236,57,46,214,28,160,96,176,185,99,156,51,186,90,94,228
69,58,70,4,168,123,68,91,109,199,58,115,194,15,161,248,135
70,66,159,83,251,237,99,175,127,185,118,55,53,166,181,82,90
71,113,234,86,216,123,135,143,119,116,236,197,247,209,236,70,207
72,232,72,210,165,194,238,138,104,103,18,248,95,57,140,160,141
73,205,101,201,116,188,40,212,161,219,163,212,135,113,178,253,146
74,103,95,231,115,93,29,169,168,219,24,114,103,173,131,136,216
75,19,193,160,159,44,142,66,201,210,198,164,227,219,67,36,124
76,106,12,62,231,63,77,51,221,89,193,199,174,155,89,252,145
77,36,142,82,90,37,204,54,8,225,228,61,42,224,92,154,24
78,133,135,63,11,187,194,170,151,48,162,142,160,59,148,243,209
79,119,206,225,204,250,254,81,71,221,101,35,128,3,173,9,226
80,130,129,129,241,31,172,26,144,61,183,14,142,238,116,27,118
81,91,117,149,163,222,154,247,194,114,120,110,21,204,221,119,229
82,181,95,250,150,110,85,13,21,148,209,69,144,116,175,111,252
83,129,2,178,16,158,25,207,243,20,177,232,110,15,149,1,111
84,223,203,82,156,68,241,185,27,221,3,70,210,97,110,48,163
85,84,170,153,224,186,141,202,110,217,226,196,110,171,22,45,69
86,24,27,245,98,62,150,246,126,205,133,97,242,77,18,182,95
87,143,156,221,57,82,155,34,44,190,162,95,152,71,201,98,237
88,58,16,77,252,142,212,110,246,82,132,165,205,55,58,174,21
89,173,210,201,103,112,86,221,190,212,15,151,10,128,93,6,133
90,101,97,176,133,30,121,150,43,225,111,38,76,165,149,45,168
91,142,0,210,87,42,134,88,237,210,62,51,195,25,233,173,160
92,251,165,125,80,203,244,224,132,113,55,167,179,254,238,48,77
93,247,20,132,28,25,200,72,80,150,235,213,149,158,139,254,184
94,176,10,238,119,62,221,179,25,162,253,253,232,152,8,242,183
95,81,200,85,36,176,37,195,66,14,209,9,94,1,24,167,168
96,33,105,24,64,222,44,165,89,128,194,220,55,3,188,171,130
97,49,209,241,119,232,122,199,204,5,66,216,0,175,72,254,179
98,111,38,153,231,84,131,110,214,129,127,95,21,14,213,44,118
99,46,24,116,167,195,85,198,0,96,107,120,139,165,234,188,160
100,109,109,131,71,48,48,40,198,30,61,240,98,2,57,219,19
101,125,150,19,200,45,176,173,56,60,215,131,49,245,159,93,83
102,200,64,228,208,38,69,71,169,157,154,251,162,151,216,150,231
103,212,51,185,25,177,14,243,198,128,155,71,110,69,148,157,132
104,202,217,149,113,91,95,211,162,126,67,244,183,33,214,240,55
105,27,78,22,188,139,132,33,148,74,194,158,239,207,202,155,249
106,20,226,171,204,90,140,103,249,21,237,41,155,122,134,82,114
107,98,74,155,14,145,37,96,45,211,103,227,185,83,90,26,208
108,241,7,27,79,21,220,110,79,206,53,235,141,31,162,126,240
109,161,183,232,34,119,77,139,179,50,9,108,12,128,68,98,82
110,168,84,24,171,131,13,34,249,148,0,137,72,11,74,242,126
111,193,147,47,211,230,90,58,70,140,141,29,126,95,64,69,222
112,88,240,150,39,92,231,204,11,235,203,148,172,202,74,171,59
113,111,21,4,243,245,68,82,83,45,126,137,217,47,22,195,82
114,226,165,133,75,103,184,195,144,38,111,248,107,65,34,203,59
115,58,155,30,26,116,154,156,83,10,249,34,54,60,248,207,141
116,85,201,63,111,228,114,175,113,83,223,111,45,181,85,158,128
117,112,35,139,147,148,107,207,120,41,214,1,206,47,102,181,121
118,106,235,157,167,146,244,140,131,70,84,179,184,134,127,129,183
119,82,219,211,222,98,137,168,193,121,130,181,17,92,16,164,31
120,134,232,75,129,197,247,237,72,82,118,16,146,40,168,42,72
121,7,73,145,90,167,185,129,4,138,10,174,118,129,71,210,82
122,193,197,190,50,32,25,0,220,45,241,195,154,206,103,211,47
123,222,134,242,132,146,71,221,94,180,230,173,132,127,102,203,89
124,125,233,107,142,96,150,214,138,117,11,163,41,88,64,192,39
125,82,14,179,87,199,124,136,145,40,236,207,161,151,202,86,54
126,4,35,158,106,199,32,104,150,103,160,168,41,237,208,173,158
127,96,163,5,70,63,122,169,212,99,4,168,22,143,208,133,232
128,168,14,144,212,149,97,222,174,56,31,183,167,219,54,154,245
129,155,203,232,86,137,2,89,138,146,7,229,209,93,76,94,77
130,248,67,40,171,39,159,153,135,156,247,69,108,39,68,118,145
131,153,92,115,212,218,149,67,102,91,90,13,107,199,19,171,255
132,117,228,236,21,38,0,126,48,245,253,75,5,90,250,46,56
133,20,160,145,38,128,130,180,131,142,185,202,226,121,2,101,206
134,81,250,166,74,82,0,253,133,168,60,7,212,7,188,156,56
135,104,145,174,60,37,91,193,225,66,189,67,150,26,12,73,57
136,188,40,53,75,105,126,96,91,27,203,20,154,135,215,214,220
137,204,165,208,28,117,65,218,213,215,141,13,253,209,206,3,129
138,55,52,26,228,158,247,213,210,229,8,79,251,115,194,98,180
139,221,175,169,13,144,171,110,222,105,84,40,159,209,36,130,189
140,108,229,38,157,53,101,190,85,151,212,12,129,81,173,195,31
141,235,93,20,219,228,250,4,116,32,215,142,193,79,75,235,130
142,22,182,232,248,172,59,193,198,190,57,33,158,0,206,242,173
143,149,191,135,190,212,135,94,53,244,215,210,87,120,252,170,153
144,108,221,67,150,8,21,18,97,134,16,58,44,87,245,43,197
145,40,109,241,87,188,133,24,12,83,145,84,178,227,26,41,62
146,157,39,182,183,180,123,136,183,130,22,8,224,133,231,167,31
147,79,188,145,82,209,87,72,186,51,7,131,100,247,92,164,107
148,201,43,218,151,123,90,241,112,39,245,185,72,159,252,178,135
149,129,139,49,28,86,191,162,86,14,113,173,234,204,121,161,184
150,14,78,139,33,24,150,29,34,108,195,70,191,242,130,159,110
151,198,37,100,63,170,119,154,51,70,106,231,139,3,101,132,61
152,25,33,70,143,232,70,58,231,12,124,10,218,134,102,33,200
153,53,180,34,210,179,176,8,181,108,76,130,253,25,8,204,10
154,193,148,53,83,40,20,227,20,253,229,57,218,97,162,133,183
155,202,208,102,144,31,246,207,148,253,71,142,63,182,255,105,167
156,41,116,112,239,89,67,121,167,135,113,150,151,250,236,76,131
157,250,156,47,2,252,244,0,12,251,170,245,49,109,224,183,36
158,239,206,234,30,52,218,55,214,135,145,10,104,110,51,163,95
159,151,254,121,78,45,165,5,120,248,224,163,111,125,135,157,50
160,225,152,147,225,183,112,141,89,92,253,126,136,233,89,69,125
161,119,102,171,30,55,97,71,219,4,166,60,227,5,225,68,207
162,186,59,42,225,211,37,53,211,251,116,148,121,200,177,47,232
163,108,175,235,36,230,89,214,216,7,240,235,148,54,193,246,248
164,109,103,62,186,46,53,143,245,176,111,162,226,247,204,200,183
165,252,148,235,194,75,239,152,148,5,8,184,56,250,60,161,237
166,115,198,227,151,119,189,188,194,1,68,143,111,6,255,216,255
167,104,53,167,66,146,118,108,8,202,97,251,251,151,3,111,132
168,167,1,149,178,227,26,247,139,62,74,238,38,117,55,237,30
169,122,57,145,60,54,221,225,57,121,158,82,10,201,73,13,254
170,38,144,207,49,50,114,182,16,63,101,251,192,188,140,151,205
171,156,3,172,134,7,178,215,235,145,77,182,86,211,170,9,247
172,190,244,210,217,218,225,4,81,192,144,224,125,143,29,15,126
173,186,114,34,82,141,27,185,48,206,218,20,22,18,148,214,218
174,95,173,28,42,196,204,161,138,241,215,203,242,208,175,185,139
175,104,199,188,222,70,33,164,114,126,54,4,134,124,194,236,101
176,30,155,13,75,36,217,98,228,165,75,88,87,199,146,4,177
177,216,18,218,69,55,241,26,96,177,174,4,100,161,42,145,185
178,53,39,72,93,233,8,80,69,181,99,203,213,10,73,50,83
179,17,186,79,238,91,120,179,81,228,129,206,170,166,254,190,121
180,152,196,56,166,75,122,13,217,254,92,157,71,165,122,128,19
181,248,154,185,23,105,229,80,138,132,162,59,254,177,42,161,115
182,142,71,75,24,230,79,245,197,155,3,209,4,240,160,41,47
183,154,50,195,248,115,151,77,250,230,52,55,109,82,222,73,86
184,205,146,99,190,255,57,126,130,177,129,170,30,173,8,207,49
185,66,107,218,16,226,227,54,223,35,55,70,211,108,149,237,253
186,172,19,240,117,82,40,101,108,120,142,33,161,210,133,197,106
187,219,118,212,254,64,79,124,215,91,238,26,145,11,39,85,183
188,210,159,65,149,3,160,10,249,228,165,185,77,147,126,185,186
189,22,57,4,133,106,164,170,223,230,122,187,236,184,93,229,47
190,244,20,128,234,35,53,160,30,117,166,27,81,36,172,62,36
191,220,213,71,39,141,107,159,193,233,37,190,190,204,139,199,81
192,27,98,231,143,85,167,140,103,182,107,10,127,175,45,184,178
193,136,191,121,219,137,84,66,108,220,230,18,212,50,177,186,197
194,243,87,157,36,254,40,150,46,223,222,35,125,14,80,41,35
195,107,242,226,103,32,245,64,187,107,158,213,143,40,156,255,116
196,163,209,206,228,159,71,76,144,38,246,240,119,177,177,96,229
197,22,177,14,206,137,123,67,40,80,125,197,71,119,145,227,156
198,172,179,106,23,189,251,48,131,53,45,205,202,69,16,7,225
199,244,95,155,99,213,188,45,235,140,44,182,224,168,251,118,237
200,83,66,26,93,227,86,35,156,73,244,27,45,149,115,18,145
201,162,239,120,245,175,39,216,11,136,33,165,35,170,156,214,55
202,24,73,233,89,65,99,145,5,125,144,71,217,27,14,19,225
203,155,105,13,150,247,34,205,211,170,170,211,87,120,199,160,37
204,173,148,23,63,99,156,226,29,186,241,33,44,216,106,233,96
205,167,252,226,135,181,74,136,63,195,50,119,142,52,28,7,129
206,250,74,161,177,124,144,162,69,210,253,2,71,214,83,83,61
207,147,50,39,182,227,26,180,202,246,52,122,55,64,75,4,135
208,175,140,252,136,210,42,247,93,70,214,73,47,238,19,229,146
209,181,172,189,98,142,110,236,55,124,104,206,105,201,90,42,202
210,218,249,125,241,187,28,210,103,49,138,158,229,65,103,224,123
211,182,255,33,89,220,119,124,182,214,164,202,106,81,240,158,28
212,2,123,241,100,188,241,89,227,225,192,149,254,241,187,96,117
213,39,27,211,79,90,143,165,9,233,239,36,251,176,41,172,13
214,87,239,238,8,55,69,35,73,145,217,18,55,134,52,123,153
215,94,207,171,219,47,111,219,4,128,78,239,209,9,105,126,110
216,94,34,76,221,56,156,166,63,212,3,12,137,155,243,180,16
217,29,221,154,135,165,78,145,8,187,194,53,222,66,185,117,109
218,173,158,82,90,220,102,108,238,41,196,24,53,58,38,88,101
219,127,42,99,133,138,99,248,226,224,251,155,203,111,37,163,172
220,50,212,24,213,205,163,142,18,47,121,72,76,118,88,49,25
221,179,119,195,121,231,79,70,157,31,70,153,47,180,163,229,249
222,122,18,146,85,90,173,225,41,11,73,217,65,187,137,42,9
223,250,58,135,237,153,232,1,186,182,35,194,10,35,252,29,6
224,142,217,212,57,165,166,121,89,117,14,56,228,85,141,69,33
225,119,9,19,207,57,233,194,95,0,36,159,247,21,58,17,175
226,201,249,3,66,110,16,215,128,235,179,209,108,187,42,120,220
227,60,25,226,161,229,11,3,231,243,105,150,156,119,31,104,84
228,74,19,119,118,244,2,108,242,145,135,50,242,3,127,239,13
229,40,77,108,180,90,3,102,109,129,104,104,218,150,26,69,183
230,91,226,142,97,112,137,205,94,53,6,0,239,27,49,36,121
231,15,102,5,10,238,221,0,179,96,86,188,55,220,73,12,242
232,113,224,178,50,168,169,50,106,4,147,58,53,56,220,105,191
233,166,190,41,85,226,69,41,8,196,216,62,6,15,248,190,235
234,44,193,12,57,30,136,177,117,93,172,81,231,251,71,62,9
235,185,27,183,143,135,51,68,141,121,85,202,204,130,44,123,229
236,228,61,112,60,84,57,189,5,87,17,141,234,210,222,26,12
237,47,22,167,175,198,121,18,109,233,145,48,96,194,175,169,147
238,63,181,237,46,170,175,102,106,107,94,70,86,18,242,14,217
239,81,155,164,255,116,182,252,131,143,237,0,77,60,34,48,59
240,73,41,156,195,90,85,210,5,199,158,107,102,69,63,196,239
241,217,248,31,139,15,52,233,234,75,229,238,236,92,146,101,106
242,163,7,23,90,4,199,137,193,207,80,223,94,61,52,104,42
243,86,9,83,49,68,36,11,252,39,62,68,191,165,25,11,173
244,44,74,34,207,91,56,236,54,60,97,32,247,80,128,237,242
245,69,237,180,200,218,192,51,60,2,112,226,130,64,249,252,222
246,190,114,9,158,104,244,124,255,113,158,199,191,89,105,53,65
247,138,219,87,237,112,217,35,177,158,186,88,134,135,198,240,125
248,109,207,46,240,226,145,97,180,113,20,81,253,240,99,150,235
249,155,140,198,225,147,62,100,38,164,121,136,183,6,17,230,144
250,211,162,64,248,40,53,167,27,0,243,190,146,85,108,69,188
251,8,173,195,16,179,150,25,229,4,35,91,243,121,20,169,155
252,229,146,179,56,78,151,205,250,108,81,131,77,154,175,32,226
253,192,248,132,175,109,17,86,75,69,138,12,10,64,236,3,23
254,205,249,214,26,190,18,1,35,130,121,67,74,132,238,89,30
255,160,82,215,243,172,138,123,224,63,196,125,15,203,208,255,5
256,81,127,42,110,0,100,179,36,42,28,232,198,166,43,130,73
257,209,140,191,112,39,133,3,71,184,79,34,83,129,208,221,1
258,68,147,99,63,15,151,213,39,40,2,126,240,51,28,119,163
259,106,43,250,11,182,151,104,168,110,235,252,171,163,155,26,105
260,120,51,152,133,202,134,105,126,143,173,105,56,12,224,178,109
261,218,209,254,13,0,180,117,6,12,170,33,109,159,197,34,18
262,197,137,38,61,0,141,201,95,87,114,104,158,128,123,116,83
263,161,182,229,213,4,219,166,250,131,170,93,171,102,25,32,4
264,146,225,202,79,149,220,54,74,153,129,237,122,82,151,87,36
265,203,178,202,159,248,176,1,99,79,22,92,41,53,103,105,201
266,97,114,95,223,61,240,36,154,255,109,60,64,106,9,192,80
267,187,101,25,246,1,117,246,129,39,204,233,149,90,95,19,197
268,244,119,220,116,83,172,195,203,207,159,232,200,197,154,179,191
269,183,237,73,50,74,233,187,251,143,64,190,117,109,240,39,31
270,107,40,247,120,71,163,84,226,41,65,25,139,37,153,126,105
271,195,177,145,164,233,143,173,83,220,19,100,92,140,165,241,175
272,246,254,253,165,40,248,182,141,238,36,35,100,235,175,213,64
273,69,199,8,206,42,212,46,73,24,222,164,207,1,143,246,135
274,137,207,95,184,193,109,182,104,199,17,242,68,180,119,197,234
275,238,106,181,72,166,162,137,168,89,179,9,114,242,49,13,120
276,28,65,106,21,216,22,161,240,223,20,195,112,52,93,8,195
277,110,3,20,183,192,210,81,1,246,209,246,237,124,239,14,51
278,246,16,181,191,252,44,152,171,194,63,181,179,184,67,59,175
279,116,77,138,102,237,2,198,213,45,14,197,15,209,136,179,108
280,125,170,185,44,114,139,36,239,227,92,155,14,245,103,123,55
281,114,13,72,249,100,88,188,166,178,122,130,173,198,13,6,146
282,17,162,35,121,191,78,134,228,79,26,183,104,132,19,217,116
283,173,215,36,192,153,160,121,129,160,174,173,193,98,225,3,141
284,109,111,82,123,62,27,84,43,6,38,175,185,152,140,55,74
285,19,117,222,39,27,87,34,101,88,90,150,66,225,67,206,18
286,28,13,133,43,91,136,201,175,124,199,96,51,116,208,0,104
287,96,88,91,191,72,20,31,37,206,128,191,60,179,207,16,246
288,100,235,59,243,229,41,97,50,204,96,0,230,16,137,71,159
289,7,161,72,102,84,224,4,45,179,235,220,163,241,152,243,33
290,77,173,71,81,241,203,49,241,2,112,16,101,129,215,196,252
291,100,68,188,17,55,230,121,190,16,82,215,99,205,50,64,123
292,38,72,18,92,227,71,127,11,36,134,154,225,144,83,44,56
293,185,187,60,171,227,17,167,11,204,186,113,50,126,82,27,114
294,19,242,141,169,1,129,29,5,82,168,77,75,20,218,122,243
295,116,204,187,151,96,16,161,205,147,137,234,151,28,104,230,137
296,44,96,85,5,47,15,6,0,153,177,217,232,124,157,134,49
297,60,234,8,73,60,54,78,192,175,199,66,178,253,194,192,118
298,156,231,141,145,54,254,188,34,233,31,45,236,25,249,139,184
299,72,169,38,132,211,202,93,140,64,34,131,68,11,185,37,74
300,78,224,224,189,43,62,224,162,189,222,248,138,158,144,5,168
301,130,196,35,174,242,52,172,156,104,26,164,110,141,85,51,39
302,161,244,59,154,112,57,152,8,224,132,2,6,88,41,121,236
303,237,57,212,197,84,145,187,102,215,234,121,176,240,8,12,5
304,166,172,179,11,203,7,41,24,225,127,214,67,159,209,150,243
305,218,254,5,110,116,46,156,151,68,163,50,168,1,225,217,2
306,106,225,34,89,21,200,91,231,183,187,61,76,3,204,57,56
307,95,200,157,164,57,105,226,181,81,251,239,6,44,198,242,191
308,192,128,240,155,7,171,24,164,255,63,6,91,178,187,211,19
309,160,100,49,133,3,112,23,169,81,83,227,70,35,56,166,76
310,28,27,142,130,153,16,211,135,111,61,162,225,145,150,181,93
311,92,44,135,179,131,109,44,185,128,116,136,162,145,25,27,29
312,249,217,34,252,130,83,39,111,236,20,20,3,146,225,177,95
313,64,9,140,223,247,146,108,103,30,121,101,193,55,244,223,145
314,60,52,232,58,74,191,61,179,207,205,172,26,202,171,166,136
315,134,147,59,232,59,142,120,207,242,120,228,164,7,81,141,130
316,47,17,188,142,122,35,116,147,201,134,21,175,176,205,106,124
317,98,187,240,26,51,225,180,216,189,90,186,80,190,135,24,102
318,122,168,93,172,97,135,197,227,253,91,55,117,36,249,151,225
319,175,152,183,10,16,158,198,238,13,104,93,182,108,152,55,119
320,167,199,220,191,244,148,108,95,180,59,106,185,168,255,179,137
321,109,183,252,142,232,7,136,144,0,16,17,85,126,141,113,109
322,183,226,189,226,72,16,81,37,74,54,112,219,81,225,63,92
323,125,149,63,83,50,152,8,93,112,93,253,31,189,222,73,68
324,51,128,77,119,37,12,177,230,182,195,208,56,247,43,35,149
325,55,155,38,145,142,241,250,8,254,163,221,15,197,87,18,145
326,80,122,160,213,44,50,135,66,68,116,247,27,23,12,3,204
327,57,58,145,87,111,39,58,177,150,229,185,12,121,8,215,218
328,155,141,203,215,34,180,60,199,245,165,170,35,240,186,230,76
329,5,155,16,252,30,248,199,58,206,102,53,126,236,187,239,139
330,167,193,197,198,198,106,15,46,5,157,80,170,96,146,206,52
331,237,92,86,38,142,105,188,255,181,252,237,34,68,100,177,235
332,74,42,130,36,204,140,200,52,34,166,135,169,238,137,168,233
333,188,241,22,242,147,68,210,122,138,142,105,155,26,39,194,164
334,229,121,184,208,103,149,32,173,195,151,139,155,149,85,28,85
335,185,9,212,181,236,253,225,91,220,75,23,70,203,83,138,84
336,46,229,213,7,247,202,119,60,46,87,241,211,199,231,197,108
337,94,149,37,226,165,122,216,138,145,20,224,190,76,237,73,178
338,9,228,175,195,69,229,64,61,163,209,45,225,41,161,69,133
339,110,221,226,129,88,69,202,144,88,160,204,173,236,58,77,183
340,230,64,90,249,223,105,182,86,53,224,115,94,133,214,184,3
341,192,45,202,208,193,157,101,250,3,203,49,77,152,210,199,93
342,45,253,180,49,9,22,77,63,198,174,92,203,120,13,16,188
343,99,149,23,117,48,240,125,25,77,169,249,43,20,179,195,97
344,43,148,35,254,204,5,102,41,177,11,232,217,87,137,199,194
345,130,64,133,215,77,56,11,190,132,188,122,169,174,223,193,159
346,17,3,0,205,152,234,196,98,154,51,72,192,209,152,126,230
347,146,223,66,14,188,192,56,88,158,242,89,187,234,249,108,107
348,116,52,57,152,4,244,66,149,232,144,1,3,196,36,243,147
349,75,170,92,241,27,199,219,7,60,196,2,95,162,110,249,133
350,222,54,160,245,34,221,70,73,107,238,214,62,209,10,221,117
351,234,115,21,194,205,146,9,20,10,30,49,83,45,155,160,22
352,224,208,103,253,243,150,129,253,161,159,17,104,35,186,38,101
353,59,82,173,249,46,90,23,94,22,107,10,142,235,126,180,50
354,51,225,87,147,108,28,95,121,52,34,139,23,245,146,14,48
355,236,98,29,166,148,164,166,45,137,99,71,236,221,105,235,116
356,96,27,50,138,154,243,196,207,15,171,24,62,77,141,161,158
357,169,24,63,246,176,127,43,250,68,4,239,156,169,59,48,29
358,110,149,195,40,94,192,137,125,174,53,180,235,111,166,27,74
359,131,169,240,80,195,32,126,154,243,70,36,207,157,161,174,68
360,29,170,38,126,61,145,53,78,4,119,12,129,145,143,168,205
361,25,11,150,152,49,106,227,95,250,4,127,29,43,212,103,148
362,45,180,187,41,207,64,122,83,159,91,210,235,57,34,3,172
363,24,7,164,255,232,219,22,159,218,150,131,41,89,100,253,21
364,34,26,79,231,72,135,242,157,97,97,100,83,232,30,118,156
365,116,222,132,3,37,90,223,47,113,161,151,4,178,133,12,127
366,32,48,242,142,145,44,160,20,111,125,68,209,106,167,196,139
367,241,14,124,254,10,104,154,70,174,163,23,206,39,96,184,165
368,67,115,0,222,132,220,175,5,196,233,225,152,108,6,102,255
369,125,153,252,214,154,64,77,77,39,169,249,15,115,235,201,94
370,10,144,220,174,188,35,241,219,241,105,49,33,201,57,177,56
371,195,119,224,77,129,84,181,28,27,193,123,81,111,195,243,136
372,68,203,215,250,125,21,162,129,126,133,154,211,10,190,98,167
373,147,139,36,106,60,171,220,44,95,161,107,116,225,144,189,141
374,12,50,206,77,60,10,234,244,123,60,178,164,165,36,250,48
375,142,183,136,129,24,180,168,38,173,254,117,71,75,104,138,2
376,69,41,248,5,51,19,163,133,186,164,70,65,116,233,147,180
377,157,129,167,90,140,233,243,113,227,31,14,208,41,187,61,195
378,45,205,97,247,157,132,217,64,47,9,60,37,228,19,125,112
379,178,207,247,238,102,234,159,29,170,31,104,221,48,69,6,45
380,104,167,152,241,0,42,150,9,248,251,195,59,91,20,79,163
381,77,54,71,75,93,113,42,200,1,101,250,80,254,127,204,213
382,36,57,19,146,22,168,99,223,147,205,78,113,91,116,209,4
383,77,97,36,10,108,174,73,230,56,216,22,161,207,30,185,89
384,184,218,186,12,204,116,18,209,181,21,231,209,222,184,70,130
385,143,8,177,238,147,140,253,253,206,60,22,36,154,13,98,182
386,91,109,44,52,216,251,71,28,88,146,84,145,99,24,155,215
387,204,2,116,19,109,83,172,75,188,77,148,141,59,114,27,173
388,84,109,49,123,113,107,67,247,95,23,131,165,65,116,242,97
389,73,233,141,70,28,57,192,87,165,15,53,40,2,61,226,185
390,63,199,221,58,150,162,106,146,116,222,215,73,168,15,21,202
391,201,209,231,242,17,78,61,245,118,202,136,90,75,171,109,9
392,213,14,230,231,113,193,21,182,131,212,178,12,224,145,67,1
393,78,151,210,45,46,86,222,48,230,72,112,211,136,100,221,18
394,192,137,165,154,85,225,25,156,106,93,230,213,67,203,226,253
395,31,70,143,99,188,0,53,165,103,188,163,8,66,139,144,38
396,247,138,85,120,215,117,152,110,65,13,97,104,102,192,143,202
397,154,11,86,27,195,8,71,206,250,233,188,99,151,96,143,153
398,32,163,241,122,119,202,143,245,223,207,191,230,11,122,22,104
399,72,70,62,91,45,187,41,175,112,242,89,176,175,223,41,248
400,130,49,84,11,109,44,165,242,248,8,26,201,60,25,191,247
401,198,43,163,41,84,96,39,126,144,107,203,76,173,232,30,198
402,247,179,0,8,6,57,189,169,107,47,187,224,43,173,138,168
403,237,120,120,169,88,9,221,175,173,19,221,141,148,107,253,79
404,113,127,21,160,34,201,199,18,57,84,15,199,66,88,192,9
405,197,195,8,88,216,69,225,237,30,210,33,229,168,25,22,250
406,126,72,3,137,67,12,82,60,164,34,119,87,244,46,106,16
407,198,217,171,224,131,55,95,133,31,91,91,74,202,27,145,185
408,92,248,99,24,186,65,96,95,246,212,98,158,192,96,44,123
409,217,180,235,19,253,152,67,189,161,17,112,83,69,74,42,248
410,20,100,131,180,110,152,252,17,116,158,61,202,244,39,252,253
411,174,138,154,120,164,22,89,145,128,152,113,147,162,114,5,162
412,30,79,42,37,184,181,13,56,243,14,177,146,159,249,62,176
413,204,103,90,251,167,158,249,101,159,159,50,184,230,22,48,174
414,11,68,1,68,217,94,242,22,164,221,178,164,72,126,185,99
415,251,233,20,56,252,7,168,37,112,98,238,221,208,58,54,184
416,190,201,56,129,140,200,83,20,119,182,226,133,215,206,252,36
417,105,131,226,228,171,166,71,70,101,86,132,162,149,176,97,47
418,170,95,214,206,45,10,188,172,179,125,190,118,51,115,148,164
419,27,226,230,213,243,66,54,69,203,153,195,120,137,111,23,134
420,153,224,60,98,252,56,123,9,55,118,40,214,38,174,170,224
421,50,221,154,32,202,241,1,4,137,138,65,180,76,108,214,250
422,125,170,89,217,249,161,52,207,223,246,180,120,238,131,136,157
423,102,130,10,222,51,90,11,159,79,31,73,215,234,118,87,94
424,200,38,13,50,213,178,194,149,144,250,83,130,8,10,113,42
425,92,175,125,3,240,217,186,35,168,105,88,151,117,151,72,122
426,213,28,64,45,129,255,208,132,121,62,193,65,191,131,106,247
427,57,203,28,220,8,9,165,191,122,211,175,35,154,132,55,115
428,202,103,40,128,211,238,185,171,238,63,86,125,228,179,85,116
429,5,8,246,165,174,55,66,217,105,147,109,38,175,127,12,196
430,150,114,65,110,198,139,39,124,119,185,147,201,78,1,247,188
431,80,197,11,187,248,51,146,145,171,206,192,4,179,83,176,62
432,106,16,117,58,209,255,239,247,129,25,20,81,135,221,93,145
433,170,127,181,238,247,11,87,50,189,247,171,218,212,196,82,155
434,63,47,247,241,214,46,184,1,63,97,68,164,57,230,31,36
435,91,215,15,109,163,46,65,18,131,220,212,177,226,15,202,29
436,233,207,74,29,48,244,214,107,44,3,105,252,211,91,6,37
437,230,44,194,211,30,102,159,94,90,238,231,121,62,233,163,179
438,46,228,0,203,84,143,240,31,188,50,131,128,229,80,149,168
439,217,81,211,207,219,75,25,78,132,57,15,58,202,133,64,54
440,103,119,168,113,138,167,230,6,181,38,117,10,182,33,238,83
441,97,210,206,228,15,139,220,81,133,149,244,3,71,34,162,45
442,44,175,101,48,72,130,112,13,173,214,2,225,149,181,158,85
443,45,74,241,207,6,158,211,153,239,137,218,25,175,149,89,153
444,137,35,196,247,153,215,9,225,55,168,35,247,95,255,196,180
445,18,90,196,7,204,94,96,157,9,104,64,223,16,99,7,92
446,54,2,55,254,42,199,146,213,51,145,29,32,193,66,31,91
447,252,169,157,212,179,2,14,6,235,26,157,253,84,219,13,159
448,98,153,198,34,101,128,61,115,207,52,249,201,177,164,118,132
449,173,131,158,137,44,4,203,134,124,34,171,70,136,178,220,201
450,128,162,114,155,45,253,51,63,165,106,196,167,163,122,233,222
451,190,129,155,93,126,98,35,33,222,87,188,215,31,167,93,138
452,157,239,201,143,176,114,125,30,143,201,31,236,245,222,158,19
453,103,213,118,89,212,207,248,94,190,208,168,245,169,175,2,107
454,195,237,36,5,207,218,180,248,156,152,167,111,19,17,76,9
455,155,157,110,235,38,65,63,234,17,136,203,41,132,35,244,109
456,227,111,34,180,164,40,229,246,175,192,167,86,211,21,49,124
457,226,214,216,146,118,100,58,33,186,53,143,22,5,110,230,52
458,196,94,201,42,160,162,68,254,72,43,159,189,148,20,223,95
459,130,90,208,39,237,126,183,13,146,208,14,145,161,202,4,68
460,131,180,223,217,188,222,24,205,248,28,28,218,132,12,111,141
461,111,124,85,67,74,34,206,74,101,93,62,112,131,123,135,199
462,24,78,241,121,81,226,103,73,252,251,91,30,175,63,148,72
463,131,179,93,67,49,96,159,92,77,95,51,153,39,18,103,94
464,95,20,139,76,244,236,234,121,124,21,73,208,66,228,15,0
465,130,223,84,107,205,200,148,238,255,129,239,209,102,51,177,131
466,51,248,33,189,1,96,185,177,0,209,70,167,131,163,3,235
467,99,156,140,162,77,220,160,132,119,248,72,194,127,97,251,247
468,13,66,45,218,49,88,66,97,127,223,68,232,6,85,173,234
469,104,48,36,75,189,95,4,20,149,26,85,193,148,77,123,188
470,171,190,247,48,202,90,246,27,163,209,179,113,155,131,249,56
471,120,142,219,190,177,23,15,14,34,165,249,210,41,51,63,29
472,68,47,144,126,240,178,66,64,173,185,186,80,115,50,123,106
473,69,232,82,223,83,96,101,82,188,65,244,104,20,171,5,67
474,193,168,135,204,136,246,63,223,136,41,73,82,1,113,71,57
475,191,95,70,75,63,53,65,146,41,180,10,97,104,147,52,211
476,131,45,192,90,51,39,173,56,132,56,117,12,15,39,44,156
477,73,62,53,171,194,24,65,162,152,73,188,193,218,106,120,35
478,44,46,6,233,235,255,164,117,56,246,170,228,146,176,207,169
479,56,84,248,157,233,91,37,51,72,243,14,167,30,196,124,110
480,250,87,206,236,172,221,143,16,12,209,43,150,180,182,36,204
481,37,218,199,190,241,86,31,125,24,155,228,4,194,49,68,164
482,32,52,164,10,194,218,229,92,242,119,98,184,149,212,210,193
483,121,116,59,79,140,250,23,86,128,44,102,136,247,52,178,56
484,177,44,211,131,40,133,32,199,193,165,134,185,73,122,231,228
485,204,198,179,247,123,77,119,52,118,208,3,85,222,190,156,138
486,147,81,178,245,132,189,124,66,188,115,12,218,141,157,128,73
487,138,27,176,38,11,80,247,158,182,223,120,227,200,168,17,82
488,242,125,49,245,61,56,237,87,197,140,109,174,179,163,196,32
489,97,164,166,139,229,189,231,138,250,12,110,175,243,186,54,156
490,202,82,5,12,34,39,225,111,178,230,190,138,76,28,198,235
491,250,205,184,54,177,56,127,37,148,61,42,29,57,174,75,213
492,238,133,23,145,53,136,60,193,82,96,146,126,8,184,200,253
493,119,33,230,200,31,89,172,141,247,156,204,23,65,195,74,94
494,31,254,149,220,11,150,20,112,151,234,182,62,76,13,91,196
495,61,76,48,74,195,41,221,242,167,98,156,240,163,74,172,50
496,169,85,65,89,62,222,180,86,104,137,56,152,8,148,231,106
497,134,167,34,29,66,113,86,173,15,206,243,0,134,191,206,22
498,9,24,100,247,130,128,92,251,164,231,65,217,62,121,14,53
499,61,230,92,136,102,131,130,183,196,214,36,121,56,230,117,213
500,32,115,253,115,207,11,67,62,191,199,64,181,202,165,112,62
501,163,79,129,95,132,214,193,25,176,14,6,0,65,106,247,13
502,102,161,155,5,35,136,86,31,154,250,230,45,223,149,86,243
503,56,14,30,83,183,19,64,197,164,65,134,129,104,131,125,5
504,178,189,105,226,92,34,67,69,245,63,114,241,186,111,182,227
505,121,25,251,77,126,3,72,87,214,65,202,187,58,36,244,18
506,0,94,239,32,177,248,54,166,19,161,208,185,18,226,31,90
507,214,43,101,118,40,222,154,74,197,107,109,17,130,39,13,7
508,201,143,251,120,61,144,227,226,1,196,8,41,195,71,2,74
509,130,88,228,84,162,133,61,26,10,96,66,15,65,3,239,54
510,90,154,69,98,37,118,77,197,13,169,123,162,44,137,218,254
511,128,174,226,133,26,33,94,201,140,116,44,56,154,137,255,123
512,192,37,62,14,220,116,202,128,225,101,120,155,203,83,189,30
513,126,110,196,152,249,161,159,96,163,82,138,131,56,32,76,211
514,178,41,146,189,246,252,208,1,195,84,155,242,142,254,198,124
515,249,98,247,132,189,161,121,208,162,83,176,30,175,8,29,3
516,12,59,216,245,33,49,254,8,139,55,127,190,98,204,228,50
517,43,184,103,55,32,58,16,200,71,12,242,240,83,38,33,201
518,79,171,250,18,170,17,227,89,180,203,69,23,118,222,134,137
519,58,4,237,203,41,45,17,245,153,143,191,79,11,209,189,32
520,168,247,200,178,33,77,13,170,31,93,104,101,186,122,177,52
521,63,197,45,206,131,252,13,46,170,229,84,119,156,35,253,4
522,7,18,59,132,156,61,214,177,250,196,96,159,23,13,235,74
523,133,17,99,45,190,101,214,15,200,56,114,70,235,85,164,85
524,184,4,238,237,5,129,111,232,84,90,155,23,219,118,142,158
525,159,199,161,62,218,192,96,129,143,55,179,165,188,152,225,55
526,7,95,70,14,15,193,178,121,215,109,70,52,233,23,255,219
527,190,222,2,93,187,196,156,173,110,40,236,63,99,247,31,137
528,114,254,200,168,58,21,48,219,43,151,100,177,20,39,62,233
529,214,72,72,178,230,52,220,222,8,57,21,229,249,195,126,227
530,219,172,39,89,118,145,0,151,133,157,184,218,63,205,91,41
531,7,231,111,143,32,230,48,208,15,122,88,64,127,249,99,165
532,74,15,120,184,220,118,212,192,220,48,255,65,176,129,79,249
533,209,29,179,231,106,194,77,235,245,24,154,45,129,53,181,147
534,182,110,37,208,1,136,202,145,73,56,255,112,29,40,176,1
535,148,103,126,102,198,15,109,232,24,68,36,105,172,171,45,122
536,87,210,4,116,99,12,127,192,12,254,224,33,240,135,200,213
537,212,153,211,170,107,185,181,107,199,84,215,234,230,158,86,100
538,254,243,38,245,107,226,228,246,193,223,93,102,74,101,148,94
539,199,38,160,17,189,241,151,5,189,151,117,128,87,224,159,221
540,252,124,215,175,142,82,87,250,55,229,64,89,55,8,22,147
541,177,1,138,166,172,179,188,31,126,94,116,46,236,218,27,190
542,13,43,78,248,2,240,117,6,116,219,180,192,164,101,149,254
543,132,145,158,178,231,182,234,90,27,184,233,191,214,148,91,12
544,208,58,137,234,144,47,50,203,99,91,230,56,132,159,57,140
545,71,60,127,97,103,60,106,216,234,108,1,29,131,69,234,94
546,66,169,229,139,250,19,182,158,164,70,114,82,182,75,132,49
547,205,8,128,8,214,71,118,239,150,153,139,223,138,229,233,80
548,201,213,219,206,127,139,116,87,17,58,47,53,35,243,54,205
549,49,203,45,137,76,184,29,211,43,155,20,154,20,72,81,142
550,65,231,118,248,243,239,2,92,93,119,185,58,140,97,5,236
551,152,119,201,79,232,207,51,157,122,151,18,105,66,58,78,219
552,157,152,251,219,248,38,58,85,108,194,93,8,162,51,195,199
553,197,248,57,114,190,143,189,83,114,71,162,54,1,38,68,176
554,130,201,53,116,200,231,19,17,197,175,202,164,197,46,91,26
555,234,38,228,103,162,137,89,72,220,117,87,63,226,184,237,232
556,117,112,8,98,23,177,192,21,186,237,29,12,9,218,53,65
557,76,78,2,225,75,142,52,123,0,169,153,90,103,16,30,246
558,19,94,158,185,154,209,143,95,173,1,179,192,235,222,120,42
559,43,205,217,58,77,193,243,86,185,150,19,111,71,239,166,37
560,202,81,212,184,152,36,6,203,11,245,85,215,71,170,174,138
561,117,70,114,14,110,146,37,100,105,174,186,184,42,112,218,107
562,166,231,86,214,31,237,201,174,98,129,50,3,3,220,75,230
563,193,230,59,96,211,30,183,107,90,122,216,57,104,198,50,72
564,151,217,228,173,75,88,183,24,44,34,42,29,238,239,142,231
565,18,64,21,235,134,112,225,121,15,22,180,245,49,123,151,46
566,214,24,83,70,43,31,205,74,187,172,231,165,100,178,78,126
567,232,66,95,5,217,43,30,94,239,119,72,97,189,179,197,250
568,186,51,180,62,189,216,76,210,211,209,78,200,33,251,29,75
569,17,180,102,167,23,25,157,16,231,206,128,151,237,253,85,247
570,175,156,56,72,127,99,159,214,106,23,184,91,205,42,85,223
571,204,219,205,13,29,27,183,122,112,182,150,190,228,32,231,243
572,161,59,57,142,36,255,123,15,19,199,135,89,202,231,125,65
573,175,164,101,118,65,4,232,64,121,136,246,54,32,110,238,217
574,122,217,253,112,211,134,201,238,144,84,127,88,179,173,154,65
575,219,234,241,126,19,210,193,236,195,110,57,0,131,34,151,96
576,46,223,164,26,140,76,209,111,12,179,124,130,19,146,213,32
577,245,81,101,149,128,212,100,1,29,159,173,226,222,59,91,64
578,192,239,204,127,34,32,28,22,134,38,242,135,221,223,14,249
579,102,53,12,28,192,44,252,136,20,94,237,197,110,100,167,125
580,227,198,98,44,70,249,163,161,216,1,191,8,19,224,195,127
581,110,46,36,143,169,63,184,127,126,39,16,215,211,88,48,51
582,149,2,38,121,57,196,184,222,243,226,208,10,49,132,230,136
583,115,167,106,89,214,131,197,186,124,139,230,226,8,87,91,124
584,75,48,95,149,141,212,47,51,190,223,21,218,198,57,7,224
585,34,18,25,192,36,55,202,179,90,81,191,103,199,17,87,216
586,33,184,68,246,129,126,81,80,28,37,72,248,206,152,106,240
587,214,34,211,113,15,122,104,194,222,57,81,241,238,164,70,167
588,156,25,141,157,122,85,3,147,162,143,3,116,66,74,115,169
589,201,173,7,34,102,78,52,68,128,3,34,39,95,22,20,50
590,103,254,189,188,13,137,184,148,112,182,166,87,94,183,0,69
591,140,145,59,215,207,254,185,47,8,36,10,30,211,215,106,188
592,166,161,157,58,43,243,162,95,181,236,149,121,40,0,24,79
593,73,58,209,71,179,99,249,150,21,178,71,96,40,202,64,35
594,76,12,97,145,227,65,159,222,93,183,60,94,168,179,128,123
595,80,59,182,212,249,149,233,148,17,2,153,55,170,81,148,145
596,248,169,9,137,53,194,109,236,101,56,108,143,93,205,181,202
597,106,116,137,169,24,129,123,42,13,127,253,181,212,217,196,177
598,226,167,100,83,140,98,158,151,94,13,138,238,105,123,189,122
599,118,89,171,112,14,222,156,134,255,55,106,244,9,118,254,249
