0,127,198,216,249,102,112,176,225
1,149,128,10,186,52,3,207,113
2,154,52,150,24,59,53,136,123
3,176,7,217,66,160,110,174,130
4,163,57,126,234,110,137,71,192
5,127,117,0,71,239,200,85,167
6,251,196,40,182,158,98,25,87
7,23,34,244,42,126,205,116,201
8,75,63,153,83,211,133,19,17
9,183,206,42,175,92,109,203,74
10,212,0,76,114,97,75,249,148
11,51,136,185,248,70,32,18,15
12,20,128,214,119,89,67,158,255
13,168,38,123,185,57,63,167,230
14,43,47,21,254,38,96,79,33
15,13,202,211,119,76,206,164,114
16,213,37,15,150,33,197,0,238
17,141,84,65,230,188,80,40,251
18,238,19,233,91,37,86,60,87
19,204,189,106,190,106,124,245,203
20,197,33,171,103,140,154,11,163
21,106,181,73,146,39,250,191,255
22,196,169,164,78,2,170,75,252
23,116,8,152,148,153,124,189,228
24,33,251,173,29,39,30,44,197
25,160,156,195,61,139,216,84,95
26,163,156,166,146,237,65,217,231
27,112,22,219,71,250,244,1,226
28,195,157,219,118,31,12,117,62
29,161,105,105,132,49,181,206,248
30,146,16,59,101,139,147,237,187
31,132,239,17,101,193,53,242,109
32,62,172,135,93,186,243,96,249
33,47,193,101,74,45,242,117,143
34,44,38,228,223,38,245,255,71
35,139,115,103,238,142,200,234,28
36,228,221,123,146,97,233,189,122
37,194,110,122,136,153,218,164,203
38,92,200,8,143,166,109,46,250
39,147,127,219,107,175,184,243,149
40,82,217,137,228,174,40,87,217
41,126,101,232,76,254,118,74,31
42,205,60,122,236,217,169,112,253
43,216,110,173,113,200,129,99,238
44,236,32,51,122,1,245,195,146
45,68,108,156,104,93,76,188,66
46,153,250,110,18,123,123,42,98
47,12,139,94,27,100,69,6,205
48,215,110,254,158,36,96,229,184
49,96,234,24,77,106,151,91,151
50,173,70,66,76,138,121,188,247
51,130,222,167,229,243,171,92,195
52,238,45,221,164,115,84,166,4
53,76,91,156,140,105,116,134,21
54,102,18,178,231,106,37,124,47
55,174,226,251,124,175,245,99,95
56,37,104,69,81,15,131,86,62
57,8,231,24,146,57,134,98,51
58,234,165,232,214,72,55,169,177
59,124,161,0,247,230,209,122,140
60,244,192,96,90,155,162,71,135
61,153,160,84,255,4,139,239,70
62,183,130,237,163,74,109,200,248
63,7,179,139,254,52,86,204,152
64,50,237,217,101,253,126,16,254
65,15,228,230,62,30,102,243,227
66,237,26,251,46,11,127,240,156
67,32,163,168,95,34,188,212,140
68,229,60,213,31,179,96,11,65
69,179,98,88,184,131,36,47,189
70,208,190,53,176,219,158,145,176
71,51,56,15,144,172,71,107,52
72,153,152,134,223,33,74,119,78
73,195,75,33,65,138,112,106,129
74,255,91,55,155,76,10,37,193
75,8,36,174,156,52,232,235,103
76,161,149,224,77,119,142,221,61
77,83,31,212,39,56,252,207,42
78,242,121,16,183,131,66,78,238
79,213,154,167,255,94,17,230,16
80,221,4,238,165,152,45,15,90
81,182,165,18,124,189,99,19,88
82,27,252,21,24,217,65,241,165
83,48,66,84,237,83,67,229,109
84,111,133,78,246,138,152,113,28
85,19,133,188,252,161,254,247,30
86,86,45,30,88,64,87,182,113
87,85,27,203,139,234,198,192,19
88,239,164,69,255,243,61,221,121
89,133,12,237,46,18,46,148,215
90,4,136,154,164,242,17,129,114
91,75,189,101,139,67,39,6,40
92,153,248,248,9,29,113,199,18
93,89,138,41,46,220,151,247,105
94,97,208,12,21,233,190,87,230
95,92,124,192,193,65,217,239,94
96,238,202,76,91,1,37,10,197
97,231,230,91,157,146,217,151,149
98,153,227,101,211,159,254,56,90
99,102,254,204,30,115,151,108,42
100,86,188,219,176,221,252,235,19
101,129,195,6,73,83,55,15,184
102,17,218,190,136,157,242,103,237
103,143,164,77,151,231,249,185,183
104,50,251,150,71,212,40,199,236
105,251,219,66,252,197,181,182,143
106,105,232,251,160,73,117,162,60
107,192,101,107,126,94,185,10,25
108,237,113,124,242,21,170,248,77
109,78,248,243,245,175,40,126,115
110,186,130,192,211,131,248,211,94
111,141,135,180,194,117,49,201,57
112,137,126,0,187,11,96,106,72
113,209,14,198,151,194,194,166,158
114,137,73,88,127,143,98,166,138
115,230,197,47,164,44,143,223,255
116,24,182,130,148,26,100,92,220
117,145,1,107,189,8,141,198,217
118,246,61,241,79,189,150,153,206
119,44,78,228,80,91,60,146,61
120,191,39,115,147,91,73,215,53
121,57,143,147,61,125,93,156,60
122,164,174,190,172,101,0,249,110
123,20,54,105,233,145,247,116,211
124,166,156,150,60,240,167,87,192
125,26,217,45,27,83,184,60,92
126,216,124,119,128,163,194,82,87
127,241,191,243,129,218,39,225,141
128,100,109,225,86,84,125,31,164
129,203,25,99,231,89,45,254,125
130,83,20,191,191,102,238,206,49
131,202,21,98,125,239,226,146,73
132,101,81,130,208,56,236,194,18
133,224,247,222,195,20,173,208,65
134,100,177,230,69,59,89,9,151
135,209,226,211,228,75,39,187,204
136,204,180,131,50,110,189,96,242
137,57,5,194,162,249,74,73,79
138,178,108,143,123,110,131,204,220
139,175,79,49,32,178,210,64,223
140,67,18,142,24,83,74,11,118
141,112,227,244,39,81,244,22,125
142,65,134,181,75,238,16,75,252
143,43,233,72,170,153,186,118,36
144,86,221,86,65,76,47,234,252
145,216,130,24,185,78,170,58,244
146,48,124,146,224,118,95,61,33
147,170,231,214,29,247,148,252,42
148,178,91,30,161,201,88,126,215
149,153,17,216,67,188,158,147,208
150,173,98,232,185,134,169,123,71
151,5,91,32,67,7,251,23,57
152,240,24,222,9,75,228,164,115
153,106,12,234,30,233,207,62,193
154,166,253,40,126,165,66,129,127
155,62,191,136,129,103,59,52,100
156,76,82,145,218,250,84,194,86
157,88,245,80,169,40,150,68,36
158,178,39,255,41,99,100,100,78
159,135,115,164,56,45,68,231,79
160,219,240,30,63,66,156,167,119
161,49,38,102,18,139,174,24,28
162,173,249,189,1,175,26,192,167
163,39,153,84,148,89,92,5,55
164,184,123,97,122,251,128,156,130
165,3,91,35,197,56,40,107,40
166,153,49,36,212,240,180,10,6
167,184,210,87,66,57,3,79,184
168,173,157,220,194,145,201,37,101
169,52,78,38,16,245,221,203,183
170,44,107,22,10,105,90,223,35
171,55,105,235,151,49,138,44,204
172,208,165,126,32,198,204,245,205
173,182,2,254,106,80,206,152,51
174,161,148,157,3,100,49,189,198
175,122,92,227,164,110,222,243,137
176,155,145,25,230,103,207,142,241
177,208,51,53,245,249,253,198,17
178,54,34,225,59,165,142,175,56
179,113,208,193,182,3,14,73,26
180,2,25,236,48,159,181,25,66
181,1,107,157,155,194,58,243,90
182,241,156,116,195,176,204,107,205
183,201,101,85,197,233,3,14,124
184,247,72,214,236,71,140,234,121
185,129,51,90,105,200,101,76,48
186,19,218,131,134,70,42,96,14
187,101,239,90,72,113,231,88,110
188,245,12,166,250,191,105,56,121
189,210,248,50,144,67,165,198,209
190,204,143,106,214,190,68,52,4
191,49,25,146,7,153,204,8,38
192,247,88,13,203,215,25,131,155
193,242,10,153,140,132,16,35,157
194,158,158,36,199,154,161,52,21
195,205,101,232,68,203,0,101,62
196,112,71,182,26,57,42,45,203
197,162,66,6,6,151,84,75,138
198,7,168,35,224,234,213,55,9
199,146,29,14,228,135,152,83,97
200,186,192,244,42,226,202,196,11
201,70,208,252,217,17,197,121,166
202,212,106,1,140,245,183,112,167
203,108,156,29,251,114,177,142,51
204,123,34,154,22,35,244,123,203
205,224,171,101,197,134,107,177,12
206,188,88,150,224,179,47,173,111
207,21,128,190,69,83,229,133,248
208,138,118,116,168,164,122,90,167
209,164,42,154,83,37,131,16,216
210,169,5,245,44,132,21,144,242
211,35,75,68,18,116,117,57,118
212,197,167,219,66,255,93,148,249
213,161,60,193,101,5,240,103,152
214,62,199,186,217,187,168,50,72
215,110,217,85,26,243,170,180,150
216,100,56,240,86,81,3,153,205
217,8,200,219,239,148,44,169,189
218,27,37,76,21,106,26,184,28
219,85,68,145,189,113,232,142,63
220,70,9,242,226,101,184,86,181
221,136,183,27,96,175,29,170,130
222,79,143,115,200,252,175,94,228
223,84,178,181,53,182,246,9,244
224,183,153,61,130,220,11,30,240
225,73,23,254,59,232,115,174,216
226,141,204,209,95,22,241,104,165
227,126,119,194,51,182,1,52,163
228,40,82,97,137,231,125,210,122
229,245,242,164,85,111,231,76,204
230,146,192,195,214,64,126,147,222
231,65,49,167,100,131,202,166,67
232,109,84,226,172,1,3,174,109
233,104,59,227,72,42,3,29,230
234,80,231,25,158,219,228,106,15
235,19,56,234,109,163,145,73,157
236,230,79,20,185,60,228,77,77
237,111,108,169,145,114,204,192,10
238,65,29,54,197,217,19,19,91
239,107,252,210,201,88,50,180,222
240,45,215,152,212,142,103,92,161
241,32,67,15,213,247,239,175,85
242,130,44,18,241,200,235,9,197
243,155,201,144,28,71,248,155,96
244,179,196,255,203,171,211,128,119
245,83,37,184,221,87,220,99,120
246,31,154,148,165,154,89,78,145
247,0,100,239,113,13,162,200,51
248,223,21,6,241,233,73,233,61
249,170,166,238,181,206,88,71,9
250,27,63,214,85,195,134,130,58
251,13,32,255,227,64,36,40,225
252,30,215,251,8,171,246,29,120
253,189,183,1,130,160,5,5,92
254,175,30,200,196,17,165,120,141
255,168,200,67,51,82,146,115,241
256,114,148,191,183,216,14,105,220
257,210,245,99,122,160,92,153,81
258,69,9,178,53,222,204,179,87
259,109,242,224,208,224,204,210,166
260,245,194,231,15,213,43,144,60
261,184,167,6,149,100,159,185,162
262,168,129,23,223,251,102,89,58
263,58,62,80,196,239,87,38,121
264,221,189,131,154,141,116,32,217
265,59,212,131,96,163,64,19,44
266,240,96,122,60,241,189,19,24
267,165,241,15,22,137,237,91,211
268,109,193,2,118,4,33,1,145
269,167,6,119,131,58,57,214,185
270,167,201,134,148,1,20,97,161
271,187,124,209,18,71,66,71,133
272,104,107,186,8,234,210,170,100
273,242,49,166,115,93,221,12,193
274,164,220,20,102,114,218,223,119
275,165,95,179,5,76,128,161,118
276,127,65,141,170,195,59,150,221
277,243,63,96,210,110,159,74,176
278,36,173,144,18,171,108,248,117
279,157,253,237,223,22,245,137,26
280,45,186,53,245,12,162,91,213
281,56,189,164,249,251,71,43,30
282,151,2,71,83,141,244,142,142
283,191,203,142,70,206,122,23,23
284,149,80,169,16,243,183,249,18
285,246,52,137,50,111,40,33,147
286,169,84,13,11,159,217,17,208
287,54,105,172,151,113,7,140,181
288,218,22,42,145,17,60,222,69
289,141,161,97,30,221,189,18,53
290,1,153,203,212,124,66,133,253
291,63,30,158,80,102,6,128,130
292,104,78,113,103,179,11,19,227
293,41,148,35,197,129,69,76,9
294,65,79,103,230,17,48,255,66
295,130,60,177,107,6,214,180,182
296,188,140,117,82,35,225,30,95
297,252,117,145,218,100,208,70,27
298,177,79,149,193,31,177,8,145
299,76,227,232,36,125,0,231,214
300,37,215,94,106,136,143,22,58
301,142,111,168,164,171,69,177,51
302,49,224,3,47,132,159,130,14
303,26,175,45,171,160,169,67,15
304,253,86,18,48,190,246,99,121
305,170,123,193,27,10,211,93,128
306,222,151,102,7,214,124,107,38
307,2,201,149,71,43,175,219,210
308,214,248,227,176,198,92,184,239
309,96,20,5,173,232,102,112,196
310,236,115,240,73,187,223,31,180
311,115,220,23,95,227,7,182,46
312,43,174,224,42,56,145,181,233
313,161,17,151,49,169,130,104,116
314,65,200,154,251,151,250,134,208
315,207,112,73,249,32,196,236,98
316,255,156,72,206,58,112,189,184
317,250,33,255,137,155,31,115,100
318,67,97,217,94,246,172,175,179
319,91,40,161,30,76,88,90,49
320,253,218,154,2,140,50,128,149
321,219,108,95,113,19,240,153,95
322,99,123,52,234,73,182,101,60
323,14,107,179,176,187,143,95,110
324,137,56,205,183,15,18,178,100
325,7,222,219,247,54,168,50,74
326,222,237,49,148,102,117,47,145
327,178,233,240,41,119,183,45,76
328,84,127,29,69,96,206,117,209
329,142,142,207,38,223,175,50,61
330,54,45,47,234,88,191,63,91
331,229,140,105,207,112,128,45,228
332,225,193,8,95,246,118,244,79
333,237,213,63,87,54,202,193,26
334,236,132,157,119,235,76,216,33
335,107,76,17,198,151,22,242,123
336,132,42,222,135,76,16,173,109
337,188,126,11,181,118,63,171,33
338,231,27,12,239,146,59,162,64
339,97,104,253,162,100,226,60,7
340,95,213,126,156,146,156,239,18
341,123,167,95,109,75,232,26,2
342,29,61,171,179,6,35,110,2
343,196,130,47,213,62,149,143,108
344,211,39,172,231,103,219,9,12
345,250,189,238,8,106,185,34,237
346,242,102,157,23,59,63,235,75
347,209,33,82,151,82,210,216,253
348,234,46,136,69,30,122,165,129
349,210,35,96,114,201,72,165,25
350,208,152,184,255,22,52,208,109
351,195,30,10,174,86,31,166,177
352,65,138,174,206,10,12,217,188
353,129,255,143,53,1,183,255,81
354,120,109,24,63,107,220,243,142
355,99,106,50,180,169,125,113,156
356,221,81,109,150,85,89,105,216
357,148,162,253,87,92,163,7,248
358,139,122,35,80,205,188,207,52
359,245,197,173,54,104,66,113,37
360,139,130,164,242,220,130,185,200
361,118,36,9,109,8,129,226,10
362,209,109,97,209,158,118,5,108
363,255,208,39,83,233,156,143,117
364,41,121,193,208,154,125,234,55
365,78,152,111,84,246,238,39,158
366,175,116,187,76,235,234,62,9
367,103,15,100,59,25,80,217,164
368,113,230,94,152,22,94,182,207
369,123,108,125,30,225,121,205,93
370,97,102,155,216,147,86,16,135
371,103,66,141,30,74,45,19,36
372,186,205,4,28,97,3,109,82
373,40,109,147,169,255,98,122,133
374,105,57,106,248,53,23,67,5
375,228,178,244,12,232,180,211,238
376,54,6,131,19,18,134,176,24
377,119,239,93,98,215,199,141,212
378,176,50,245,82,99,126,23,224
379,143,215,236,64,150,113,173,222
380,30,202,127,167,216,12,84,104
381,203,152,82,178,197,206,143,6
382,236,99,40,172,171,52,235,106
383,112,233,14,84,51,145,248,220
384,103,186,137,134,12,105,252,42
385,164,86,241,164,168,64,100,61
386,183,234,184,189,215,187,229,60
387,59,213,141,231,77,36,151,56
388,99,245,102,10,207,24,224,123
389,149,242,67,39,47,27,215,244
390,224,115,36,68,5,126,252,170
391,7,24,6,48,117,156,97,200
392,225,174,245,231,48,4,71,156
393,218,208,26,141,92,150,244,230
394,121,132,152,238,1,250,0,205
395,220,250,80,248,5,251,143,61
396,68,200,49,232,221,173,49,192
397,254,79,148,171,168,30,178,120
398,25,11,55,142,104,118,7,174
399,150,183,205,138,198,57,194,62
400,19,247,218,61,220,32,181,50
401,32,76,93,43,82,194,108,27
402,217,176,62,27,23,218,216,17
403,170,2,194,10,7,95,20,182
404,133,228,59,206,205,60,139,91
405,75,84,49,144,85,158,181,48
406,139,113,142,0,95,15,185,88
407,57,119,35,182,153,212,194,230
408,129,220,150,36,49,219,74,40
409,112,237,37,90,143,174,237,227
410,169,251,24,52,134,127,60,0
411,3,109,115,158,51,101,221,182
412,155,126,167,86,67,66,215,75
413,114,144,41,230,130,162,56,139
414,125,79,158,166,17,35,112,73
415,181,172,15,67,194,123,150,181
416,139,237,211,141,210,107,132,211
417,204,195,79,110,81,31,55,253
418,1,43,105,111,81,167,13,104
419,6,138,143,156,31,13,147,108
420,147,15,116,138,166,169,99,170
421,80,212,83,193,82,251,31,103
422,253,177,76,85,191,40,11,232
423,57,239,149,27,178,192,220,86
424,112,73,194,193,242,27,68,108
425,131,194,232,30,221,230,148,30
426,213,223,150,26,162,252,46,153
427,110,185,175,8,119,191,208,44
428,48,68,227,127,72,114,233,26
429,13,197,56,195,178,17,227,239
430,152,66,94,26,118,31,254,167
431,85,10,172,219,247,203,180,218
432,146,53,153,158,156,149,235,43
433,195,251,58,168,147,68,1,108
434,197,113,178,177,167,165,182,71
435,177,248,246,251,157,253,81,192
436,83,43,18,64,205,145,205,125
437,204,187,53,229,133,236,224,181
438,73,207,42,240,11,205,161,134
439,59,32,116,106,255,188,29,166
440,251,230,86,30,56,99,193,155
441,96,16,17,66,56,155,152,62
442,54,16,82,37,171,31,101,177
443,89,165,97,225,137,106,122,242
444,160,167,220,228,212,21,161,236
445,152,210,228,127,24,128,218,19
446,178,4,131,169,82,41,198,219
447,53,14,174,213,21,69,138,156
448,33,148,184,19,87,176,149,47
449,228,236,64,187,139,85,59,25
450,163,36,147,123,105,74,83,3
451,164,138,96,238,235,254,9,90
452,96,23,244,249,225,136,233,233
453,142,67,193,149,209,58,203,200
454,141,108,232,41,151,19,138,84
455,106,26,112,101,166,130,194,141
456,234,199,127,44,183,81,157,23
457,220,190,100,108,21,18,127,235
458,49,236,112,143,171,193,230,0
459,92,32,173,215,137,128,18,108
460,166,80,71,31,129,150,25,214
461,75,253,18,91,31,200,236,210
462,96,176,243,208,84,69,102,64
463,209,212,29,252,186,25,248,229
464,240,231,235,53,145,0,157,85
465,96,43,243,89,55,19,212,138
466,134,92,76,49,28,105,255,229
467,247,25,98,208,226,74,60,198
468,181,194,152,237,183,237,220,173
469,150,122,9,5,171,40,0,142
470,116,24,3,46,46,134,131,18
471,116,64,154,171,189,144,35,150
472,6,12,123,150,28,231,71,20
473,226,199,122,163,125,228,241,114
474,219,60,195,111,100,74,115,139
475,241,38,76,192,12,57,55,186
476,162,238,96,15,162,98,144,238
477,79,217,48,200,197,238,221,21
478,8,69,50,245,38,31,76,38
479,234,63,197,142,118,238,155,72
480,251,11,232,24,87,94,217,58
481,58,207,39,43,44,72,127,192
482,82,138,179,41,129,156,183,211
483,105,255,134,188,210,242,121,33
484,55,19,233,171,100,81,17,219
485,155,49,12,43,27,215,56,215
486,197,55,123,39,25,143,61,200
487,16,50,42,226,81,146,244,197
488,160,200,102,229,18,241,9,66
489,243,30,143,125,17,100,1,113
490,135,21,145,226,89,30,214,69
491,253,170,77,193,27,85,57,98
492,27,28,176,254,77,71,180,236
493,76,44,2,138,161,141,173,126
494,113,137,44,141,115,122,251,119
495,11,228,251,99,213,80,22,165
496,12,195,34,200,54,164,29,76
497,213,98,178,249,151,43,254,222
498,103,99,243,210,157,168,161,249
499,232,1,23,174,133,63,167,194
500,54,211,2,65,64,223,139,129
501,148,221,129,228,202,180,10,2
502,229,238,152,96,41,224,162,109
503,131,178,71,223,109,202,149,62
504,29,232,0,175,78,114,84,118
505,181,151,69,63,18,8,111,123
506,70,200,95,54,214,255,35,187
507,90,125,229,121,70,130,101,242
508,82,75,217,200,96,230,232,217
509,236,214,101,227,238,58,220,16
510,67,246,253,69,242,143,89,98
511,26,240,107,22,101,16,84,208
512,66,159,152,107,76,22,134,112
513,123,190,54,211,79,203,102,210
514,46,202,90,224,196,231,83,112
515,26,55,226,175,77,32,71,220
516,255,147,250,100,244,195,34,75
517,67,132,158,34,6,219,52,161
518,101,6,185,115,190,217,35,145
519,47,145,208,205,39,119,84,241
520,122,27,117,183,148,8,5,82
521,118,208,114,12,104,208,248,193
522,120,193,182,11,246,121,5,188
523,92,53,48,39,163,200,72,175
524,189,166,87,4,142,20,145,180
525,103,190,24,187,144,241,183,217
526,149,158,181,43,110,128,242,255
527,214,16,219,45,193,181,214,60
528,155,232,149,111,69,197,193,175
529,227,253,235,57,210,115,105,251
530,158,180,33,108,158,179,31,230
531,227,240,4,255,9,143,197,45
532,90,151,170,151,123,148,213,51
533,181,163,223,14,203,127,227,36
534,130,212,22,106,206,241,249,0
535,21,148,38,86,161,62,181,62
536,214,188,37,27,191,83,172,235
537,185,25,226,12,173,176,151,189
538,78,121,239,130,175,75,6,0
539,90,25,251,211,218,237,249,56
540,155,1,81,45,97,66,87,26
541,6,177,134,200,31,123,158,148
542,114,21,40,214,203,181,63,251
543,99,90,245,62,151,221,251,162
544,122,133,128,172,109,254,86,213
545,186,94,103,66,86,23,160,212
546,195,19,46,38,48,200,87,71
547,239,163,176,55,43,248,183,161
548,26,184,115,86,49,188,11,36
549,213,23,207,50,206,87,252,126
550,182,37,140,240,238,32,114,112
551,97,90,238,201,21,146,192,160
552,250,185,109,123,204,97,215,115
553,185,90,36,142,52,244,209,213
554,83,85,244,95,216,204,211,207
555,53,5,144,115,44,224,98,48
556,115,185,89,199,70,234,114,236
557,178,83,142,180,235,210,76,86
558,97,92,173,137,18,75,245,61
559,213,51,15,30,176,169,67,168
560,48,229,158,144,179,169,235,33
561,43,45,98,195,203,185,206,156
562,74,188,230,116,228,175,151,99
563,58,203,245,119,199,166,42,250
564,160,84,12,57,214,221,222,161
565,234,4,209,163,128,255,98,208
566,57,37,99,111,92,67,56,36
567,237,74,224,69,222,26,67,82
568,225,123,109,30,221,21,88,224
569,242,253,79,57,14,173,253,9
570,246,147,15,55,48,81,136,172
571,228,84,121,25,126,29,133,230
572,162,162,55,139,148,244,241,252
573,118,3,70,71,8,145,31,54
574,239,193,236,98,116,124,70,144
575,179,57,242,255,249,33,156,138
576,130,228,221,71,177,188,143,235
577,105,172,131,123,233,209,47,252
578,4,80,234,160,144,42,12,151
579,148,219,138,139,145,36,234,126
580,100,47,67,34,155,61,99,116
581,37,188,228,39,24,103,62,15
582,141,66,21,66,1,135,152,153
583,207,116,139,223,125,28,28,251
584,62,205,212,28,71,141,142,146
585,174,212,201,45,23,21,139,148
586,15,50,175,148,103,158,247,250
587,247,196,72,22,91,28,201,252
588,224,237,181,140,148,28,0,178
589,10,195,203,144,85,85,94,243
590,51,207,166,128,88,2,42,74
591,129,44,164,161,138,163,166,194
592,54,182,156,224,182,151,2,74
593,51,250,36,55,48,183,184,173
594,116,35,230,254,127,147,190,119
595,47,29,146,18,239,170,201,151
596,128,95,203,96,35,42,241,76
597,38,171,112,94,157,52,75,174
598,4,28,23,211,127,207,203,39
599,221,125,28,202,162,228,129,83
600,8,196,162,135,149,138,171,2
601,133,6,21,46,249,249,73,155
602,106,215,48,28,37,66,237,166
603,34,103,100,33,0,175,61,17
604,200,13,94,97,137,93,52,180
605,88,31,1,8,129,40,135,156
606,92,50,120,38,94,131,173,243
607,73,209,46,119,173,66,254,174
608,147,206,113,121,204,120,253,188
609,95,250,30,252,247,7,102,39
610,81,39,89,18,123,76,213,115
611,35,158,103,168,250,132,229,129
612,52,50,254,218,145,103,105,110
613,134,57,11,232,236,46,24,68
614,72,102,163,202,57,30,60,178
615,54,137,41,127,54,42,73,202
616,253,171,245,146,146,218,0,96
617,237,238,145,203,57,34,179,207
618,77,183,164,189,21,10,128,204
619,196,128,203,134,102,117,226,102
620,97,166,80,73,182,90,206,139
621,9,24,97,193,25,232,143,56
622,52,160,169,234,105,250,46,241
623,34,225,101,203,235,53,135,61
624,243,197,243,100,193,215,120,209
625,97,63,141,45,112,14,128,65
626,18,208,90,190,208,35,227,128
627,248,21,95,15,137,122,245,238
628,111,23,172,54,141,142,129,88
629,93,184,66,143,192,166,85,51
630,229,210,126,54,85,255,212,74
631,204,28,121,233,96,125,49,51
632,47,228,207,184,82,193,64,68
633,186,13,73,135,58,186,49,25
634,0,129,153,210,233,96,81,102
635,109,116,224,70,69,56,244,137
636,165,110,252,89,107,194,6,84
637,9,10,191,137,136,177,49,114
638,170,192,237,217,167,26,174,42
639,184,234,179,236,12,60,173,145
640,65,66,130,80,48,218,244,210
641,211,239,154,183,180,46,230,223
642,115,254,96,97,89,189,43,193
643,44,205,151,85,56,54,139,176
644,88,135,220,254,79,126,7,104
645,205,72,98,111,185,219,24,85
646,207,248,191,172,202,235,62,215
647,230,11,202,132,142,168,40,107
648,137,214,222,230,55,91,205,80
649,173,235,183,1,73,181,103,66
650,88,65,226,78,102,187,215,233
651,109,173,44,68,30,92,49,251
652,12,25,244,161,8,185,84,93
653,16,147,17,18,40,67,50,58
654,88,20,49,161,154,187,21,178
655,211,60,218,84,40,10,177,170
656,135,230,11,112,134,178,197,101
657,254,174,67,52,196,72,81,151
658,1,230,13,8,132,249,235,45
659,188,137,187,250,112,174,98,99
660,216,235,153,208,161,188,43,139
661,136,194,59,30,105,103,38,157
662,235,60,154,122,102,176,47,192
663,177,91,151,142,128,29,147,0
664,87,212,69,160,253,11,250,220
665,249,1,142,26,161,59,122,151
666,59,77,97,223,103,1,167,248
667,82,131,44,107,70,69,31,217
668,15,63,173,81,6,68,181,213
669,42,126,56,31,66,106,168,115
670,14,224,96,182,30,64,123,109
671,228,208,196,205,165,169,241,15
672,119,46,216,166,14,12,83,60
673,96,133,34,24,154,37,161,90
674,158,247,244,143,94,94,161,57
675,175,112,202,28,114,141,161,15
676,29,132,185,126,239,229,203,219
677,85,155,240,209,85,164,60,199
678,150,187,36,199,213,224,179,147
679,192,49,231,43,75,92,155,218
680,206,0,98,46,190,224,91,154
681,203,164,131,31,122,15,87,150
682,40,41,204,26,234,240,187,6
683,121,36,23,214,232,189,88,132
684,179,68,78,231,3,173,246,112
685,63,170,198,165,26,104,72,152
686,90,16,46,126,113,254,109,190
687,132,45,68,157,74,230,46,114
688,237,94,79,167,245,115,106,181
689,54,204,57,211,42,219,37,27
690,11,198,97,207,152,126,84,128
691,151,243,227,160,88,152,37,214
692,37,85,162,56,72,10,180,80
693,159,211,185,138,3,19,86,247
694,45,44,31,192,170,48,110,176
695,151,179,14,141,99,88,108,227
696,150,58,153,190,254,252,4,67
697,208,231,19,241,7,245,252,146
698,196,115,118,163,22,137,187,253
699,143,126,164,250,19,95,209,73
700,18,68,112,83,196,234,248,18
701,156,238,203,248,247,89,166,100
702,13,35,221,117,62,167,59,40
703,4,85,227,174,62,184,213,95
704,126,107,194,38,85,187,125,139
705,3,15,177,255,108,55,220,120
706,111,242,33,191,143,96,224,105
707,32,181,10,84,38,23,202,153
708,71,9,22,183,106,33,238,98
709,247,215,172,57,253,201,244,106
710,152,208,192,188,104,229,235,234
711,54,246,122,28,166,228,133,175
712,81,4,24,146,174,254,217,57
713,194,136,74,45,135,28,192,94
714,92,198,26,83,65,117,69,235
715,31,35,213,202,191,253,30,7
716,225,245,239,30,64,11,253,115
717,122,8,152,241,43,160,132,124
718,196,19,5,89,160,174,59,252
719,243,169,163,176,19,167,72,220
720,250,222,48,251,60,102,241,117
721,23,247,174,134,102,36,199,98
722,225,14,74,164,86,235,53,207
723,148,115,240,27,202,65,178,162
724,183,222,248,98,201,108,6,181
725,159,109,134,233,220,207,106,22
726,206,82,119,103,137,60,222,53
727,155,226,118,159,95,25,252,34
728,34,107,164,33,58,104,210,52
729,236,215,144,82,73,134,157,242
730,113,168,156,97,252,111,51,167
731,22,54,191,227,212,7,191,218
732,249,147,169,152,171,154,236,202
733,133,126,136,23,26,75,22,21
734,114,57,97,77,48,178,18,251
735,163,211,204,75,208,53,36,23
736,248,193,18,74,179,17,98,212
737,25,50,12,199,49,21,40,197
738,238,139,5,50,189,71,171,175
739,101,237,189,21,41,156,140,73
740,21,135,23,119,152,219,81,190
741,17,151,116,232,81,147,31,88
742,94,182,184,234,131,208,111,77
743,79,27,246,100,82,186,200,27
744,52,238,92,70,139,9,65,233
745,179,155,108,235,178,112,114,24
746,62,108,216,138,24,170,230,119
747,74,78,78,179,53,247,102,194
748,221,198,78,248,119,10,156,117
749,102,141,203,199,64,127,75,157
750,230,59,143,8,8,229,252,4
751,179,171,178,61,248,68,138,9
752,92,131,34,174,200,215,236,90
753,144,94,47,194,2,106,210,46
754,33,154,82,184,88,77,61,197
755,178,205,214,200,37,110,221,158
756,235,28,243,53,204,122,56,107
757,135,132,218,234,41,73,218,154
758,249,59,192,15,213,4,129,92
759,235,235,96,102,192,164,6,28
760,71,104,132,101,21,100,31,176
761,29,255,78,182,74,184,84,12
762,66,30,103,57,174,59,139,187
763,8,97,17,160,197,182,62,74
764,69,140,32,139,97,27,25,159
765,74,10,41,89,64,219,20,97
766,85,238,223,246,205,117,24,184
767,154,36,123,136,143,130,104,35
768,225,228,31,92,147,189,118,176
769,101,235,197,63,53,218,105,119
770,141,27,211,72,136,232,221,62
771,212,143,167,68,165,29,74,18
772,64,250,134,253,45,216,125,207
773,130,108,24,55,90,86,11,249
774,249,72,99,112,15,106,253,165
775,163,38,77,121,116,47,70,237
776,49,246,76,145,217,24,80,45
777,94,117,86,206,193,72,205,46
778,196,108,103,176,41,128,102,151
779,150,173,2,47,114,4,52,49
780,165,30,196,214,122,67,239,234
781,107,79,206,77,227,227,174,58
782,222,66,24,99,183,242,167,34
783,41,48,233,153,39,204,191,244
784,157,217,157,81,66,22,244,31
785,116,9,146,244,80,220,178,107
786,83,130,149,220,131,129,179,92
787,225,107,103,78,158,156,219,28
788,23,177,13,133,84,110,134,198
789,86,132,88,209,7,184,14,240
790,230,81,204,150,212,43,21,39
791,201,23,91,108,200,154,206,76
792,109,223,154,183,114,71,239,249
793,87,163,30,207,246,125,42,159
794,97,135,66,44,77,135,24,149
795,188,156,75,48,58,224,66,17
796,180,221,1,195,43,22,110,21
797,150,33,19,112,39,104,234,48
798,22,42,62,164,155,182,95,100
799,23,171,35,112,227,155,236,207
