0,147,93,126,33,52,105,35,171,42,171,14,105,111,233,80,136
1,102,177,223,220,99,43,236,214,10,124,253,92,37,201,116,186
2,173,101,72,193,8,171,226,250,16,76,192,138,215,235,229,112
3,211,156,23,123,220,249,50,114,137,225,116,54,71,252,25,166
4,51,95,252,102,200,196,66,213,143,52,8,130,0,134,165,232
5,136,205,233,197,139,146,209,107,56,4,173,125,8,175,16,168
6,185,62,181,96,85,50,81,148,241,209,200,77,223,16,114,172
7,1,133,234,108,77,31,87,255,226,187,136,89,101,97,37,157
8,3,175,107,198,71,205,10,219,85,155,99,163,116,52,82,229
9,99,0,248,206,29,25,238,77,123,75,32,210,111,253,23,117
10,217,253,173,129,113,93,133,236,27,10,52,136,245,20,142,32
11,232,188,13,147,210,205,136,1,235,81,157,6,128,122,4,150
12,166,227,46,165,124,46,201,205,181,154,108,71,176,137,13,66
13,73,238,29,222,56,14,243,25,129,239,193,5,105,215,87,125
14,86,192,149,138,20,4,186,201,94,61,224,88,39,243,107,241
15,179,142,133,119,241,158,63,65,143,184,154,224,20,215,171,17
16,251,162,38,56,41,15,159,200,49,223,67,174,214,18,79,250
17,193,139,129,142,186,192,9,71,161,222,225,88,24,33,45,54
18,186,186,175,149,204,73,201,3,46,98,79,237,59,120,126,40
19,243,157,54,123,119,134,32,48,231,32,137,184,202,34,2,23
20,122,179,71,221,24,196,219,141,152,157,87,7,134,11,39,34
21,56,56,195,14,161,66,6,87,53,252,253,92,55,73,28,163
22,214,93,83,231,181,111,38,60,71,221,200,202,136,17,239,176
23,236,33,227,229,124,183,210,54,51,156,128,92,162,15,30,207
24,216,76,100,175,114,195,169,97,79,102,26,203,83,90,63,12
25,238,36,154,77,175,110,232,58,45,10,73,224,232,80,171,6
26,249,200,87,169,106,233,42,225,151,114,171,69,14,236,67,156
27,40,102,112,39,165,196,19,59,12,35,196,165,99,125,192,86
28,226,163,70,97,79,208,239,37,212,60,3,93,130,205,50,175
29,41,230,183,96,77,38,128,3,236,203,123,31,191,19,132,217
30,118,118,199,223,54,174,147,97,98,123,14,73,214,82,74,173
31,66,137,98,103,168,255,11,118,226,223,57,205,66,235,20,207
32,160,181,248,88,139,120,120,183,139,238,190,237,6,141,18,69
33,160,96,228,48,175,215,115,207,91,109,208,50,14,216,210,254
34,97,45,212,163,138,201,82,174,173,94,149,82,138,63,79,18
35,248,120,162,70,15,33,229,119,173,171,11,248,209,24,170,186
36,175,91,92,254,218,187,87,138,196,168,170,150,183,224,60,55
37,44,220,106,92,54,60,103,244,65,44,88,191,112,21,219,55
38,139,44,5,152,176,46,135,245,225,69,137,179,81,61,128,115
39,124,45,126,237,58,39,160,115,234,221,146,12,37,245,181,134
40,231,150,251,98,23,4,141,133,253,208,146,192,211,30,95,57
41,184,102,171,100,19,95,123,107,219,58,128,236,145,127,222,214
42,199,153,168,171,189,203,202,157,182,19,53,17,236,130,162,47
43,253,50,234,77,166,120,41,212,204,77,128,186,71,205,138,103
44,52,28,20,8,222,88,238,32,111,20,167,192,180,236,204,182
45,111,114,12,16,45,220,253,127,180,230,218,141,65,80,54,182
46,101,46,133,0,197,216,180,132,88,155,124,38,15,67,248,227
47,126,89,255,176,108,69,171,0,185,153,72,211,219,171,92,105
48,186,40,243,6,90,202,68,189,213,199,181,180,206,185,5,112
49,45,178,15,27,65,97,93,183,185,254,37,147,181,211,172,107
50,243,42,204,53,78,112,158,121,209,21,180,192,253,84,116,45
51,223,190,194,123,7,44,41,107,254,173,201,215,15,11,56,198
52,50,135,124,93,88,45,184,69,112,116,163,172,235,118,136,99
53,42,58,184,23,72,117,101,3,148,125,152,192,27,44,33,184
54,60,125,74,211,5,90,169,248,171,212,193,4,99,2,34,179
55,46,4,30,57,84,26,82,220,199,135,53,196,194,192,69,121
56,135,231,255,142,159,4,118,7,79,182,37,0,162,143,219,238
57,240,221,43,155,24,116,172,41,66,105,107,148,96,104,97,69
58,134,55,216,9,173,34,3,40,221,64,104,235,117,41,215,100
59,59,212,42,227,218,111,146,0,87,66,61,40,242,31,61,18
60,188,102,73,115,127,184,146,210,217,77,188,249,25,40,221,50
61,133,201,146,165,71,217,76,112,234,254,162,126,62,193,70,143
62,20,54,12,163,88,106,110,23,240,7,240,3,71,147,31,254
63,94,154,169,105,75,94,111,53,126,85,118,113,104,106,48,203
64,2,95,247,90,165,7,42,82,145,117,232,172,250,151,80,186
65,219,104,58,69,81,184,217,139,242,19,17,77,134,41,19,33
66,226,21,44,70,212,123,2,53,99,151,247,112,104,143,103,210
67,143,133,206,118,69,143,23,145,81,32,9,123,160,122,125,219
68,33,119,5,90,48,185,211,171,32,122,171,28,177,28,168,94
69,130,125,249,135,249,135,148,203,91,194,171,225,172,26,17,6
70,168,89,94,227,100,22,54,19,89,210,138,45,193,206,107,200
71,176,195,53,127,88,4,57,54,33,175,149,101,248,169,16,11
72,15,239,159,238,3,143,53,87,154,146,54,154,232,221,25,104
73,146,129,199,153,238,27,222,131,84,76,7,25,144,154,111,123
74,21,224,25,115,176,138,32,91,122,7,130,137,170,121,233,162
75,32,3,47,6,73,55,27,216,178,192,92,154,23,251,223,142
76,214,47,51,202,86,122,249,65,6,241,238,103,64,32,224,245
77,226,70,169,52,171,238,245,187,21,61,46,5,142,134,92,232
78,81,144,216,236,248,3,2,15,30,36,27,237,77,145,132,132
79,132,45,59,36,148,130,235,140,179,12,173,42,156,139,171,12
80,171,149,195,247,143,6,231,34,39,32,158,143,78,198,213,158
81,110,206,204,67,158,159,224,26,243,217,158,85,195,33,101,16
82,188,67,8,126,137,31,6,6,178,49,205,212,57,134,251,181
83,223,103,204,82,49,189,91,212,117,200,138,82,10,52,245,1
84,88,132,118,38,80,21,80,29,126,145,241,17,213,3,55,89
85,16,112,232,207,137,184,172,16,183,190,152,10,158,217,21,137
86,236,249,62,5,112,189,75,166,97,3,103,20,68,14,144,163
87,219,79,72,112,149,31,109,236,225,115,149,84,237,122,70,72
88,210,178,105,79,204,202,176,154,153,121,47,55,68,89,185,158
89,103,49,224,33,39,169,220,71,56,199,169,103,169,83,206,108
90,239,66,161,201,107,18,37,226,252,51,102,89,164,72,184,41
91,88,123,72,14,248,101,146,84,179,211,55,127,77,183,164,248
92,28,183,191,133,90,192,150,101,148,228,50,63,110,213,204,205
93,9,103,166,49,11,18,32,73,51,59,112,31,145,181,232,78
94,199,239,166,109,32,250,167,117,28,85,145,229,71,12,8,20
95,65,55,31,243,214,49,249,159,235,68,10,135,83,129,80,110
96,103,215,243,14,74,120,201,9,227,11,162,49,133,135,51,207
97,246,147,91,74,203,64,76,115,93,43,171,200,119,50,17,111
98,42,255,245,49,141,138,101,95,145,109,207,147,116,142,97,227
99,147,130,147,232,179,173,38,125,138,56,128,15,57,88,201,173
100,112,24,109,189,246,16,170,106,88,236,109,10,89,58,202,253
101,65,131,174,243,91,244,137,29,191,27,126,137,120,212,229,52
102,131,207,164,98,188,227,119,162,2,168,66,23,162,50,94,209
103,181,78,231,190,29,111,200,8,135,1,209,126,114,144,2,231
104,31,137,75,138,22,49,222,165,107,29,128,21,209,115,150,67
105,4,173,130,23,181,94,208,6,75,236,252,12,121,130,208,214
106,48,132,163,23,183,69,198,59,218,76,162,123,149,171,3,21
107,0,254,19,149,243,150,203,81,7,211,32,14,23,122,230,89
108,102,211,122,104,83,69,46,41,194,231,193,140,163,168,20,132
109,142,207,201,112,188,103,155,4,181,251,243,172,49,79,40,90
110,1,191,112,39,188,95,136,100,107,248,209,227,184,81,166,102
111,145,34,78,103,228,50,180,43,209,17,229,24,145,206,16,93
112,100,8,6,97,27,230,178,22,248,151,74,123,87,186,194,62
113,207,204,172,43,93,47,217,235,136,142,241,233,118,3,140,194
114,247,136,4,101,175,226,13,9,89,17,188,140,186,191,34,197
115,91,121,201,209,53,228,46,57,10,205,152,171,134,85,202,189
116,190,178,165,236,179,144,50,216,160,25,220,223,123,180,239,114
117,13,205,230,212,243,207,42,189,127,117,145,19,199,230,130,134
118,69,124,12,17,204,85,191,139,61,124,109,9,105,169,63,121
119,114,44,179,23,194,192,230,56,41,145,154,88,1,214,74,71
120,67,30,144,133,141,154,203,1,149,204,161,6,32,188,201,194
121,207,157,107,123,239,96,76,22,29,246,4,63,26,198,82,65
122,141,61,81,152,156,37,107,184,143,150,103,202,202,251,96,90
123,156,79,124,112,67,112,156,141,49,100,93,67,226,60,49,166
124,201,236,146,134,217,93,218,106,120,150,30,47,154,88,166,218
125,14,69,67,31,177,53,214,216,129,236,214,117,225,72,35,175
126,99,29,112,137,41,250,193,8,207,104,65,215,122,49,118,80
127,32,155,80,142,208,149,122,16,36,18,203,116,134,6,71,110
128,78,223,86,62,85,176,24,139,125,64,113,107,115,225,152,19
129,163,241,179,86,183,101,43,21,127,52,253,32,93,108,91,214
130,6,16,201,203,113,68,33,29,232,29,124,209,68,239,37,29
131,213,114,224,97,162,106,169,25,192,178,246,103,177,234,118,121
132,86,231,251,77,104,150,8,27,113,5,197,188,174,64,52,86
133,249,7,151,49,247,136,176,61,250,80,30,193,36,91,59,133
134,101,218,175,24,22,21,153,119,216,185,160,51,254,225,55,92
135,116,25,94,42,22,167,40,205,112,105,251,218,189,198,13,117
136,137,116,230,55,112,48,151,232,1,112,19,119,63,229,162,66
137,247,137,6,108,135,191,64,140,118,77,26,219,237,112,188,0
138,92,122,220,183,84,44,47,122,157,17,144,212,168,206,69,200
139,34,55,191,182,244,162,220,168,136,117,46,226,4,197,54,187
140,150,1,209,64,86,242,4,246,63,108,19,226,195,8,234,142
141,54,181,53,207,128,238,228,180,244,234,210,37,158,132,172,249
142,50,218,32,111,54,75,98,163,82,252,43,164,191,249,170,191
143,68,149,63,243,238,178,236,76,186,113,130,56,136,205,186,98
144,79,229,31,130,96,16,3,220,111,157,122,24,129,29,132,178
145,107,221,150,217,32,70,196,201,5,254,54,254,148,115,11,194
146,91,191,83,196,6,200,245,7,161,208,28,173,225,183,171,8
147,140,25,30,174,102,210,82,140,207,219,52,200,228,40,248,149
148,8,93,106,72,73,55,35,93,8,247,117,36,164,144,29,196
149,23,141,57,169,43,4,96,109,38,31,138,21,47,239,169,196
150,119,245,134,108,0,97,238,15,98,20,250,86,163,73,230,213
151,73,9,166,161,111,127,177,183,155,217,179,132,114,109,41,37
152,57,222,86,163,142,122,116,71,254,144,91,102,177,192,175,162
153,123,226,112,40,150,114,4,65,83,135,241,99,159,128,3,46
154,140,190,118,11,74,76,225,119,136,119,159,223,173,252,0,9
155,244,133,104,186,19,226,105,37,57,68,201,116,185,171,214,96
156,92,163,163,70,6,135,109,143,74,190,174,50,74,57,198,86
157,191,46,173,107,97,43,124,137,224,60,55,83,237,214,98,240
158,142,127,57,37,33,139,111,132,68,7,195,37,21,122,144,187
159,4,69,192,162,211,43,241,5,125,231,6,6,25,215,156,35
160,12,121,125,152,180,24,14,173,176,101,80,172,36,46,17,183
161,106,211,166,96,191,159,12,32,144,117,217,55,73,82,53,233
162,23,177,52,95,81,123,18,133,109,165,208,161,255,108,81,252
163,249,157,149,136,111,54,103,104,175,13,101,154,178,109,36,45
164,98,208,13,20,217,164,74,54,200,146,254,240,67,53,46,78
165,9,98,179,184,121,208,162,160,239,63,78,247,146,205,174,95
166,105,13,75,239,229,173,28,142,44,191,3,167,112,82,137,217
167,172,180,91,38,226,110,103,139,129,65,59,92,149,102,100,184
168,152,6,75,221,70,86,166,189,65,79,7,108,119,61,185,126
169,38,250,115,10,147,89,79,206,227,101,145,0,35,164,165,180
170,174,253,78,89,28,240,3,118,221,67,189,230,112,155,186,161
171,225,8,82,12,173,239,34,105,70,88,93,73,43,88,26,73
172,232,248,17,149,247,58,38,233,109,190,73,130,21,204,151,228
173,112,228,171,63,42,175,248,74,138,152,235,120,222,3,175,85
174,118,68,179,101,157,170,222,15,56,216,36,44,99,2,145,103
175,17,38,12,36,86,231,176,127,107,182,137,134,226,231,138,197
176,169,208,104,121,218,177,106,216,7,103,101,106,246,120,133,251
177,50,118,102,56,156,162,78,119,76,209,250,168,120,112,125,245
178,118,244,124,90,232,101,50,167,186,81,247,100,161,40,14,203
179,129,177,40,130,43,57,169,226,43,213,17,242,23,108,122,200
180,174,18,29,182,237,37,26,181,57,214,62,80,173,162,227,5
181,251,43,91,184,233,33,3,169,54,250,253,179,2,146,124,253
182,137,152,115,114,11,166,243,192,77,101,168,210,89,107,244,248
183,135,151,90,99,70,96,246,129,137,8,194,238,69,223,115,54
184,232,233,143,4,140,249,136,155,227,108,174,181,7,111,196,43
185,144,7,137,141,88,59,63,146,143,212,91,129,184,61,173,65
186,237,161,149,151,150,252,201,17,43,168,185,155,164,5,122,237
187,36,150,166,124,211,144,234,187,135,135,14,117,106,4,56,16
188,68,187,197,122,4,189,149,169,36,122,129,15,194,3,58,226
189,30,48,27,244,87,98,85,237,176,29,108,244,8,191,199,244
190,196,26,196,87,202,82,153,188,8,187,79,129,230,99,48,0
191,204,247,230,128,142,24,150,35,154,175,121,106,183,211,140,136
192,200,240,186,173,107,158,216,102,33,145,176,171,140,251,226,144
193,164,208,136,71,162,236,184,107,27,245,134,82,225,102,148,222
194,210,142,186,31,17,133,69,209,123,199,18,225,101,193,52,160
195,118,141,136,232,138,7,92,146,103,142,58,38,122,35,37,89
196,246,6,243,1,172,26,2,88,10,32,213,202,62,40,180,112
197,167,52,247,225,165,215,49,223,211,136,65,253,59,74,139,206
198,127,61,56,180,175,50,181,5,162,51,64,250,40,3,155,92
199,240,243,145,252,52,11,202,113,181,166,46,76,74,147,241,85
200,105,217,74,71,224,242,131,228,100,66,234,4,82,135,14,183
201,32,37,220,71,30,202,84,171,242,238,5,91,228,93,174,81
202,17,138,121,230,184,201,29,179,9,151,11,102,18,208,31,39
203,104,10,222,24,148,148,167,68,167,241,249,214,112,183,145,61
204,181,58,8,144,223,93,114,103,143,220,62,232,167,128,3,246
205,168,141,219,147,1,88,52,105,130,88,207,14,141,175,171,162
206,49,162,228,144,60,228,125,18,213,248,47,223,55,236,13,220
207,64,186,164,60,212,56,80,121,51,46,117,101,148,127,21,213
208,134,182,44,74,20,120,173,148,142,237,178,219,116,90,229,194
209,235,79,237,23,156,129,91,221,146,114,63,94,17,252,53,227
210,165,117,251,201,196,209,108,183,41,55,206,62,129,209,115,0
211,26,237,53,202,254,83,73,115,217,97,87,215,169,227,251,58
212,254,165,7,151,142,250,68,17,13,40,46,57,136,249,22,146
213,86,106,187,75,249,119,254,28,144,10,219,238,3,115,162,142
214,84,219,141,97,253,108,27,79,203,205,135,184,132,140,138,201
215,42,204,252,150,5,235,19,213,152,156,29,16,22,207,105,113
216,87,124,5,227,88,38,25,79,168,201,96,179,196,217,19,236
217,8,85,67,241,130,156,111,250,220,248,159,169,121,196,203,42
218,130,8,40,152,177,45,153,154,17,190,209,102,157,214,102,98
219,195,66,193,45,3,210,66,16,41,5,49,12,34,73,177,64
220,192,89,192,190,7,254,202,174,116,171,173,245,214,70,196,194
221,253,157,184,128,229,202,216,184,166,65,193,243,24,104,38,64
222,82,54,201,21,248,121,91,171,1,211,146,253,73,109,227,109
223,40,183,43,90,194,6,209,47,118,27,88,53,160,223,5,64
224,126,208,85,244,144,178,211,210,199,160,114,129,52,215,5,23
225,129,196,165,203,54,206,44,238,254,130,191,27,92,43,37,144
226,130,152,206,31,169,58,254,96,191,11,252,210,198,175,211,203
227,153,16,129,241,121,88,185,226,77,64,88,234,220,79,126,50
228,73,252,242,231,92,87,245,66,59,3,123,207,90,40,118,233
229,221,97,75,233,81,48,95,185,46,144,162,8,41,248,210,129
230,107,131,41,22,17,172,78,32,49,85,161,27,235,118,104,157
231,165,235,167,213,211,71,197,204,91,121,228,87,194,113,80,148
232,236,203,166,35,153,213,218,68,248,148,186,178,63,214,136,79
233,73,121,70,94,129,52,216,35,86,100,141,46,143,226,175,220
234,68,227,206,43,229,113,142,215,227,134,209,111,66,47,229,137
235,185,31,104,69,51,43,167,14,100,123,192,130,75,102,78,117
236,39,141,118,59,206,29,252,251,62,139,65,244,24,183,202,222
237,25,36,108,129,96,28,40,215,57,63,133,183,220,110,207,185
238,156,224,102,88,116,227,246,53,55,141,49,131,102,55,136,63
239,235,122,238,94,52,143,78,19,183,235,50,154,42,250,166,133
240,202,195,172,221,175,152,198,192,39,236,127,55,77,85,119,82
241,45,101,238,41,253,167,3,5,95,15,119,253,226,29,54,185
242,28,214,63,151,27,168,129,38,195,235,149,46,157,116,186,60
243,14,189,137,231,111,218,124,158,229,235,163,138,181,86,219,113
244,23,45,105,47,49,218,0,193,176,34,179,22,185,168,64,108
245,158,78,186,145,59,217,109,148,101,22,133,49,134,56,120,120
246,134,123,129,92,250,127,235,143,254,107,25,168,180,49,123,210
247,1,224,174,90,124,44,152,21,191,216,142,200,18,230,4,113
248,96,21,116,97,217,150,110,220,4,212,171,135,32,18,94,28
249,177,90,29,129,120,250,55,141,153,210,142,80,138,218,145,64
250,246,85,153,78,229,91,251,77,38,20,120,11,23,51,15,101
251,59,137,58,40,56,133,199,12,132,90,169,101,162,132,76,32
252,232,228,80,140,87,208,186,187,253,249,184,119,241,150,221,223
253,6,11,163,184,113,216,175,195,203,34,246,84,151,55,7,0
254,93,96,241,59,150,173,6,111,101,98,171,18,51,27,236,247
255,157,209,239,71,71,35,65,21,94,160,74,93,169,228,173,141
256,255,233,136,198,79,75,148,49,239,47,238,174,57,87,40,107
257,3,205,56,146,96,74,154,199,108,172,177,160,137,43,69,126
258,66,4,219,86,37,249,178,180,59,187,188,24,9,250,231,231
259,129,59,61,245,212,37,226,200,25,238,21,41,62,58,233,145
260,102,108,67,123,119,67,31,214,177,83,150,236,230,75,216,140
261,135,14,140,243,102,241,100,14,224,130,140,181,252,0,58,203
262,197,61,200,171,184,172,3,67,37,41,226,91,16,46,160,249
263,7,251,58,195,156,113,5,17,23,97,225,141,116,43,209,101
264,231,253,22,5,225,87,140,228,223,85,235,78,62,63,193,75
265,218,163,174,107,40,63,153,94,23,11,182,31,22,124,51,251
266,216,13,180,218,117,39,152,175,131,74,219,125,76,125,50,150
267,168,107,236,222,40,210,149,190,138,243,229,170,198,239,185,114
268,63,251,19,134,150,194,9,80,102,82,21,233,156,7,62,85
269,216,96,247,165,183,178,154,126,98,41,135,167,143,41,252,21
270,195,43,221,12,184,24,51,42,191,139,133,65,173,107,28,85
271,2,209,193,148,87,92,100,73,236,197,33,77,191,195,58,106
272,49,108,28,254,97,200,225,44,71,228,93,173,105,0,194,154
273,101,249,33,6,176,91,143,31,145,155,141,196,2,222,58,71
274,226,236,173,46,133,8,129,8,182,155,182,139,165,217,117,187
275,231,88,90,32,32,14,192,227,180,162,3,128,235,142,45,152
276,239,5,116,166,236,108,226,60,165,190,171,134,89,198,158,53
277,23,33,176,158,163,160,162,7,63,169,212,70,118,142,11,96
278,162,119,241,106,59,48,26,121,93,39,85,165,9,224,81,65
279,177,82,134,175,145,180,74,198,76,198,85,89,254,205,237,118
280,180,120,143,132,10,97,1,219,3,128,61,186,231,49,24,145
281,45,231,142,76,177,61,110,130,118,7,111,78,39,75,227,124
282,196,48,75,218,138,136,204,133,171,199,181,187,41,228,117,154
283,204,179,132,171,25,10,6,185,78,230,101,13,64,192,204,133
284,164,8,36,72,80,58,68,14,211,205,161,138,15,140,173,200
285,180,85,240,39,115,133,185,11,123,252,64,121,148,153,166,0
286,218,104,220,137,162,30,29,73,191,61,46,156,42,246,64,52
287,135,209,133,65,6,30,183,227,245,117,108,63,56,205,217,88
288,239,79,127,98,231,226,227,231,58,161,239,19,73,19,170,77
289,1,77,118,36,30,233,101,54,237,200,1,81,200,241,8,201
290,5,75,62,161,167,163,14,114,69,231,244,187,166,108,219,255
291,35,100,110,44,73,241,111,214,215,42,58,140,154,50,213,243
292,42,84,18,88,157,71,172,31,24,234,63,112,197,171,240,206
293,87,169,137,2,227,181,171,228,25,74,147,255,232,143,43,163
294,248,11,176,236,103,66,38,252,32,118,51,111,131,183,165,112
295,36,191,217,185,124,91,103,216,222,198,30,99,111,236,121,87
296,244,212,69,99,61,82,173,242,78,89,103,19,229,219,6,88
297,222,153,2,114,148,21,138,165,145,232,126,57,253,121,122,251
298,52,84,134,135,76,172,180,41,83,228,104,115,15,131,222,196
299,223,85,86,19,36,46,20,114,123,28,16,16,129,224,235,92
300,207,210,136,68,29,22,23,58,69,126,239,112,250,9,99,187
301,202,62,9,123,136,86,128,110,5,178,194,117,254,207,201,214
302,137,245,225,221,143,116,82,195,34,170,248,168,92,17,155,136
303,72,112,234,202,50,147,124,60,33,85,24,13,7,72,129,191
304,72,103,165,93,243,69,97,206,186,26,80,212,64,245,1,46
305,212,143,50,40,188,105,128,125,88,205,221,86,29,78,173,2
306,211,211,154,221,170,149,176,150,128,56,11,16,220,202,235,88
307,4,53,212,156,200,179,200,233,250,120,252,146,144,90,187,125
308,77,204,80,9,235,221,178,30,190,184,105,137,20,110,36,55
309,223,111,230,107,57,168,35,139,249,18,19,94,80,34,33,143
310,253,17,116,116,14,81,147,42,177,168,165,22,58,36,74,232
311,179,226,141,123,62,150,33,146,224,47,36,106,47,53,131,100
312,212,174,250,52,247,35,129,12,3,129,56,57,120,81,105,200
313,240,18,254,72,181,209,34,55,122,254,251,224,32,232,92,124
314,61,133,144,70,18,56,30,197,53,185,0,9,121,180,76,71
315,136,72,7,215,98,70,189,68,147,205,196,249,228,12,166,229
316,179,182,225,55,99,204,127,11,97,85,216,136,196,195,21,172
317,88,152,167,62,120,79,7,175,102,206,69,45,177,255,243,180
318,149,99,30,162,45,131,88,159,238,0,34,220,74,139,138,95
319,17,140,50,40,254,46,56,205,47,152,75,152,73,139,150,46
320,198,92,95,233,170,116,185,125,156,29,180,249,170,169,162,34
321,38,235,130,238,126,186,40,161,92,238,197,5,14,15,52,58
322,144,41,73,191,97,158,239,102,133,98,187,41,172,208,209,194
323,70,38,185,177,152,193,44,197,232,73,5,30,126,135,100,121
324,74,244,129,253,133,81,254,73,111,103,4,12,109,99,139,202
325,210,224,7,2,218,153,212,101,95,154,185,74,180,213,195,164
326,69,211,112,52,245,4,60,247,21,200,59,112,197,156,141,166
327,223,29,8,142,121,92,255,221,252,215,7,177,81,231,1,161
328,126,250,210,153,68,36,133,190,205,55,136,161,92,199,90,195
329,52,145,37,88,89,99,208,103,117,196,89,235,96,42,121,203
330,147,68,146,171,101,73,141,88,17,24,44,151,252,17,121,43
331,219,137,138,249,238,99,0,106,235,124,90,215,174,204,181,251
332,128,164,114,45,94,105,210,173,113,31,123,148,143,93,242,18
333,170,255,35,104,106,197,9,216,123,63,153,27,23,81,128,193
334,161,246,1,224,151,110,166,248,106,104,204,170,88,183,135,228
335,86,75,42,210,204,170,182,50,244,251,97,202,70,252,227,98
336,113,173,97,141,65,204,218,193,157,151,211,162,225,211,36,70
337,142,240,193,238,57,33,136,151,57,31,54,187,112,128,177,3
338,158,233,83,213,75,120,135,43,245,118,230,220,25,22,22,150
339,149,19,22,106,51,17,123,119,195,38,134,0,124,141,1,148
340,207,102,23,72,110,221,108,35,38,146,181,133,45,190,117,92
341,228,11,155,209,26,80,169,92,193,102,0,13,37,168,48,242
342,193,209,147,74,210,60,116,228,25,94,234,199,145,142,86,62
343,83,151,193,136,144,108,75,71,111,164,32,3,144,209,216,193
344,24,1,79,63,195,253,209,81,186,82,51,86,197,146,45,227
345,70,54,202,75,38,166,145,42,255,227,96,167,217,131,74,129
346,133,132,179,123,255,116,54,177,172,144,70,237,69,115,250,87
347,87,23,32,180,227,160,224,1,177,248,157,127,13,124,1,94
348,165,34,29,129,21,148,179,58,101,132,65,47,53,219,166,96
349,23,55,194,82,34,54,226,245,146,94,36,157,37,220,148,48
350,44,168,60,14,93,19,165,251,37,8,3,118,66,104,39,89
351,61,23,49,190,65,11,0,40,87,201,237,142,109,18,163,63
352,208,172,61,97,0,130,71,157,94,142,239,7,53,183,217,244
353,240,146,120,65,164,77,174,145,231,253,134,246,227,26,68,58
354,124,160,64,86,156,212,104,126,250,193,154,51,188,248,157,133
355,135,95,183,132,149,32,26,111,0,100,41,79,12,142,108,231
356,75,209,163,203,248,211,172,163,7,46,231,217,234,148,41,61
357,82,165,191,191,112,62,178,222,139,231,122,91,187,8,211,14
358,191,191,141,197,76,14,254,7,76,109,16,220,233,110,37,227
359,237,59,62,255,168,77,19,254,14,133,125,179,81,81,213,28
360,199,93,81,229,163,175,145,190,60,74,31,251,98,38,115,127
361,144,7,238,231,33,93,198,53,199,46,48,7,237,229,214,255
362,2,175,26,164,204,199,3,115,209,109,77,145,27,246,66,136
363,236,247,93,135,95,30,100,9,229,93,83,138,22,71,154,189
364,205,71,99,220,103,140,30,194,209,9,215,198,74,162,88,2
365,5,39,186,178,9,68,148,20,114,244,227,248,88,166,32,62
366,148,39,189,16,126,3,179,230,243,3,183,157,28,241,25,28
367,151,156,52,95,66,157,102,146,88,216,185,218,86,84,120,214
368,227,127,98,7,61,162,23,66,100,39,209,117,239,59,206,190
369,125,41,97,156,86,85,141,7,15,209,224,94,207,137,25,6
370,198,210,23,44,56,92,179,73,62,205,11,112,200,143,164,155
371,161,241,51,122,62,243,241,124,107,37,13,106,26,254,45,244
372,230,249,215,55,200,159,64,48,89,144,204,65,118,218,236,54
373,233,8,1,145,117,125,34,218,28,122,207,75,154,215,98,26
374,235,131,205,159,253,204,17,10,6,120,116,230,237,175,25,93
375,178,186,19,132,168,80,40,214,66,119,229,149,161,87,179,184
376,171,0,26,85,165,147,5,178,44,48,55,198,87,23,245,166
377,75,238,66,18,180,51,49,1,179,165,63,167,73,244,174,114
378,148,161,239,72,233,200,143,19,78,182,233,194,93,245,156,88
379,244,50,31,44,128,7,149,101,93,18,55,89,202,40,188,175
380,225,195,101,53,254,40,93,69,240,15,52,161,27,120,168,95
381,231,217,49,155,38,191,194,69,86,51,107,89,185,168,223,48
382,18,212,178,57,107,140,34,10,236,120,194,114,84,35,41,164
383,225,204,177,169,246,243,123,113,11,140,199,167,198,90,115,96
384,44,32,34,180,99,18,241,24,27,162,201,79,84,228,204,112
385,179,113,100,83,200,185,250,178,17,147,69,192,101,168,103,217
386,55,245,94,237,181,177,191,203,245,97,145,12,11,183,198,63
387,85,52,244,135,43,26,108,211,38,87,203,244,251,160,119,167
388,136,181,130,10,211,195,127,163,137,102,93,80,218,101,253,138
389,2,49,93,235,225,204,78,193,203,105,193,93,238,98,224,195
390,78,59,127,195,108,253,89,37,98,122,65,147,152,196,234,19
391,217,134,230,171,54,141,31,65,9,132,212,9,54,99,22,69
392,228,47,73,106,25,90,129,139,202,179,112,136,71,28,187,34
393,122,187,39,206,167,186,249,198,222,118,93,197,228,3,238,207
394,100,172,86,180,163,117,41,215,248,48,103,113,5,10,47,59
395,56,211,153,155,101,141,130,216,196,204,254,20,19,236,208,181
396,6,214,225,209,91,215,18,184,162,212,149,218,175,128,181,214
397,62,125,57,130,36,153,181,155,238,188,232,209,216,201,90,88
398,191,198,137,74,8,177,54,203,110,130,226,60,178,83,61,131
399,73,222,179,12,196,235,21,234,151,212,81,246,166,204,14,65
400,168,93,172,39,235,143,19,180,211,91,173,13,160,214,86,19
401,93,139,154,88,84,94,172,141,5,229,144,16,161,132,112,109
402,163,116,27,222,88,111,20,147,213,124,177,181,234,12,248,49
403,2,21,50,163,221,170,122,9,167,181,112,215,108,136,37,87
404,213,240,148,144,96,219,145,73,41,188,91,236,89,233,151,248
405,133,193,63,79,143,150,175,136,226,235,39,117,234,105,153,62
406,78,54,146,9,22,98,242,37,64,237,11,7,190,32,237,4
407,196,216,106,1,187,228,77,86,247,193,128,241,114,132,143,26
408,140,129,222,11,229,13,105,89,183,29,195,163,73,9,6,120
409,241,31,172,60,38,110,168,130,152,249,174,72,253,23,62,215
410,55,148,116,98,122,69,213,215,170,90,190,72,38,17,0,127
411,237,238,72,12,48,235,57,11,157,139,81,167,194,45,104,59
412,160,86,56,68,203,161,46,253,105,113,127,100,197,65,21,196
413,150,102,215,55,77,243,88,44,96,154,31,87,206,224,227,17
414,143,200,239,114,167,48,37,158,29,55,193,59,88,83,87,103
415,167,75,213,118,87,168,76,69,60,43,198,206,12,96,47,8
416,208,219,15,175,98,173,77,226,196,204,220,65,9,214,172,232
417,148,251,74,60,53,150,64,214,179,23,115,102,69,88,128,200
418,1,176,208,241,27,40,112,131,28,95,18,78,99,232,139,139
419,244,10,243,131,85,66,140,22,185,197,132,67,149,25,194,197
420,47,172,27,228,8,154,117,225,239,250,79,82,112,252,239,182
421,230,254,129,28,122,236,225,164,161,32,241,222,206,30,36,75
422,174,250,178,55,103,243,110,105,70,197,206,219,13,54,17,200
423,2,172,97,21,97,254,208,205,51,80,213,184,94,91,152,61
424,190,228,54,47,123,15,57,225,254,85,50,20,240,211,81,231
425,78,177,143,157,189,178,44,244,102,180,177,189,28,226,209,21
426,111,147,110,254,31,37,71,1,66,112,138,167,235,37,235,74
427,183,150,253,245,3,99,207,132,60,156,209,198,148,88,66,152
428,78,174,102,111,112,37,248,239,114,220,189,7,214,161,221,124
429,139,13,252,232,141,16,55,13,69,70,105,203,62,182,150,193
430,84,87,208,80,13,124,26,11,225,172,236,165,190,120,147,21
431,129,210,66,84,151,151,125,235,75,152,207,60,54,224,39,110
432,156,16,55,43,101,220,2,156,7,136,59,143,190,76,200,107
433,190,170,233,46,136,23,51,12,156,34,118,3,224,145,241,58
434,97,251,132,199,166,103,192,209,139,131,133,244,16,104,41,196
435,101,8,14,156,23,8,152,84,124,217,4,176,5,9,129,28
436,181,251,69,238,179,205,249,154,185,227,135,22,212,21,55,121
437,37,211,110,145,191,136,165,13,61,23,36,73,225,31,102,53
438,143,62,74,3,188,225,209,226,224,117,235,32,11,123,224,148
439,81,194,158,116,19,76,131,1,125,94,117,78,172,23,153,90
440,143,153,14,218,226,24,124,150,10,222,200,107,73,145,86,103
441,255,236,64,79,88,212,212,155,4,87,55,88,20,203,101,223
442,13,88,104,95,115,127,234,16,165,107,15,163,152,163,170,160
443,165,230,211,8,0,64,91,177,204,152,25,235,45,169,73,11
444,239,219,10,130,60,155,10,85,138,232,98,98,20,228,156,80
445,196,14,140,36,115,95,132,90,175,163,184,240,84,3,94,214
446,189,167,86,238,112,195,52,172,232,239,217,164,185,150,42,110
447,11,117,179,146,178,109,71,103,47,177,73,83,139,36,178,85
448,131,71,244,6,162,97,39,18,158,66,54,180,232,60,94,81
449,143,229,30,250,75,2,233,242,246,176,248,77,200,202,37,94
450,241,157,184,177,83,174,40,2,105,159,3,246,34,102,218,171
451,124,141,40,34,37,173,21,126,102,17,101,217,183,91,65,242
452,67,7,94,103,156,87,192,25,136,153,27,33,115,136,155,108
453,209,204,192,203,157,204,221,63,225,203,221,207,116,126,141,208
454,111,239,134,14,100,150,146,19,61,235,44,93,25,98,127,53
455,154,160,2,167,126,7,9,238,38,37,187,41,185,121,228,202
456,19,55,133,31,176,60,210,161,176,216,147,207,216,120,7,172
457,60,48,218,204,71,6,84,188,96,192,110,240,0,228,67,82
458,174,4,131,140,137,47,217,149,189,1,56,9,141,38,210,93
459,54,251,58,56,77,213,245,221,80,99,185,86,28,45,144,192
460,157,113,96,253,241,212,81,237,38,66,200,233,106,178,91,136
461,246,41,86,214,45,118,20,44,34,3,150,114,198,112,238,204
462,86,159,237,199,120,234,132,46,165,13,230,90,116,255,110,109
463,37,124,114,152,20,40,142,105,101,148,76,45,156,21,248,202
464,116,161,240,58,216,91,71,164,109,198,195,130,168,76,225,140
465,6,94,189,12,93,223,166,139,170,19,48,208,29,209,141,24
466,253,212,111,171,47,122,254,239,130,167,168,220,99,129,0,104
467,78,151,182,4,6,103,1,180,68,88,145,195,13,100,140,71
468,115,13,211,210,79,53,65,113,132,151,232,180,118,141,66,55
469,6,30,158,196,115,194,143,54,173,34,83,237,225,187,18,124
470,41,48,79,235,158,178,157,17,84,143,193,142,111,95,176,19
471,246,143,125,55,14,48,199,52,25,235,185,69,137,210,182,143
472,90,166,22,31,14,228,239,219,40,254,172,254,156,224,146,35
473,13,192,43,177,56,102,195,91,161,249,216,6,67,243,63,90
474,141,45,226,186,165,143,228,242,120,162,152,91,64,138,210,56
475,84,247,236,181,15,127,189,57,155,47,55,13,217,193,89,202
476,176,151,67,170,37,56,11,100,95,118,145,232,126,15,159,105
477,228,67,26,73,138,20,94,163,152,35,34,225,211,149,198,37
478,138,218,62,195,62,142,13,79,209,14,86,223,117,138,208,39
479,95,114,86,80,106,14,120,191,128,239,36,233,35,171,140,6
480,225,17,183,78,216,191,126,230,64,255,92,227,25,196,124,69
481,114,43,203,109,126,158,146,30,90,76,45,62,198,162,162,151
482,239,207,42,97,245,62,203,197,41,201,189,100,57,19,89,128
483,218,171,252,243,191,245,216,119,52,101,236,182,212,202,152,132
484,155,93,47,133,169,123,198,43,247,182,147,100,62,58,80,250
485,109,158,161,86,193,29,228,113,182,240,209,135,139,200,187,34
486,244,86,78,24,157,16,79,133,223,74,67,39,32,231,208,50
487,168,155,16,172,243,145,227,20,210,4,56,39,203,3,55,85
488,115,37,155,9,180,212,153,208,15,167,50,76,12,61,98,244
489,70,196,174,181,61,248,156,65,32,57,78,191,140,109,186,170
490,128,223,166,76,62,109,142,91,204,124,105,210,67,237,246,193
491,87,2,247,237,110,160,210,215,90,122,19,220,196,18,13,43
492,190,6,48,166,61,200,205,91,245,234,165,129,172,101,105,49
493,94,101,138,35,253,32,125,223,130,42,22,181,66,252,47,113
494,159,169,51,57,74,6,201,225,104,246,85,65,156,137,215,205
495,243,38,199,30,165,171,109,93,40,250,86,174,3,240,107,105
496,181,95,182,89,132,93,125,155,200,242,4,212,80,138,22,226
497,110,198,122,198,80,153,186,53,88,7,212,114,120,106,234,83
498,76,179,235,47,21,101,76,255,51,112,174,129,159,58,253,209
499,17,210,13,92,218,160,159,169,173,189,82,66,66,129,71,125
500,208,92,30,160,216,87,107,65,85,43,137,31,101,133,226,80
501,60,200,209,55,41,57,41,242,6,243,185,232,223,4,151,54
502,104,234,237,4,130,193,122,168,95,124,177,16,23,112,213,45
503,35,151,201,137,28,187,72,113,101,206,184,214,215,126,123,116
504,105,69,81,26,238,38,169,191,104,201,74,162,24,40,28,1
505,137,72,142,175,200,168,187,247,109,225,1,232,210,120,159,191
506,252,151,239,211,249,18,13,214,176,119,139,91,63,171,99,100
507,4,69,180,142,146,165,87,170,12,14,194,86,39,156,69,201
508,153,16,63,90,112,28,126,102,76,225,53,170,13,120,54,24
509,63,187,66,109,152,168,48,1,196,176,190,75,100,31,66,72
510,186,14,242,238,153,95,160,197,173,198,247,132,33,212,43,167
511,201,171,188,231,245,214,27,87,27,121,157,168,72,252,255,127
512,90,40,53,0,207,220,134,187,152,194,68,108,89,36,82,2
513,224,12,46,91,85,145,12,153,177,155,226,104,173,136,245,16
514,185,153,49,27,174,83,111,110,254,69,16,93,45,210,96,148
515,205,153,204,107,93,56,217,144,122,174,18,61,243,207,35,114
516,225,133,105,21,92,13,33,29,51,136,252,38,191,70,18,81
517,55,187,162,254,111,23,206,60,157,216,135,193,83,67,3,181
518,118,171,83,10,98,16,97,71,24,5,113,169,25,109,83,59
519,6,24,199,82,59,10,166,209,121,180,112,227,174,67,129,236
520,68,239,207,159,152,78,13,152,155,242,34,130,44,88,158,229
521,69,61,166,149,172,77,97,201,77,127,122,242,84,232,100,227
522,21,74,222,14,175,61,74,61,37,59,136,158,247,98,27,103
523,142,239,205,129,164,2,117,138,7,1,178,213,53,175,192,122
524,82,151,43,123,197,103,86,8,109,123,183,50,112,112,250,81
525,116,152,210,137,14,228,216,48,185,182,2,232,21,102,221,76
526,220,194,229,20,150,96,114,241,41,123,53,164,148,189,138,26
527,120,90,187,13,205,173,113,228,44,191,237,9,39,250,29,0
528,184,221,93,118,190,187,113,113,45,173,46,213,59,186,142,125
529,1,64,120,18,242,174,91,89,35,15,235,72,170,137,96,219
530,246,142,252,221,144,102,89,51,105,44,159,88,19,121,81,90
531,217,15,235,9,212,21,145,210,186,86,247,194,241,73,101,11
532,95,100,248,161,6,250,170,159,78,186,233,20,89,51,244,138
533,175,59,252,29,119,100,101,84,111,54,205,39,101,197,165,39
534,111,138,104,117,64,126,190,191,22,64,80,200,197,85,118,47
535,29,120,56,138,195,159,109,93,76,46,79,99,250,229,50,105
536,10,92,17,242,30,22,197,254,117,81,240,1,41,163,5,248
537,182,119,126,121,31,163,51,198,186,208,153,246,156,69,10,39
538,121,95,144,236,105,40,226,58,46,41,142,244,72,237,252,232
539,149,51,61,240,207,51,85,47,119,181,71,119,11,103,109,252
540,52,19,77,17,24,113,226,185,6,180,234,189,95,212,42,10
541,242,112,183,60,181,51,121,144,47,169,96,180,183,44,175,44
542,228,50,177,77,32,134,16,110,169,14,240,145,226,28,209,164
543,66,207,216,114,222,151,162,94,67,169,113,10,0,36,4,202
544,51,194,57,123,103,81,167,24,230,14,89,82,247,19,227,104
545,80,10,25,109,108,131,93,195,35,19,89,92,126,42,210,12
546,224,148,202,218,62,241,95,195,221,69,62,9,25,141,251,17
547,233,204,234,223,75,23,80,123,228,157,64,54,173,214,239,91
548,149,156,214,210,248,149,158,22,135,11,16,214,121,229,152,7
549,129,175,51,232,70,115,166,196,103,145,51,153,158,62,112,158
550,1,175,209,125,20,199,187,2,40,5,133,184,145,156,10,114
551,99,214,88,175,232,102,210,223,177,190,251,241,14,133,102,64
552,190,28,108,122,127,163,228,69,42,173,237,205,110,1,168,74
553,229,175,81,142,182,81,54,190,228,186,148,179,124,195,31,106
554,117,176,37,136,99,131,37,75,211,95,116,111,40,108,189,227
555,37,74,76,67,64,189,36,51,90,216,222,33,176,179,100,245
556,202,145,156,111,17,156,4,228,108,98,212,197,28,141,178,104
557,191,222,93,167,130,29,188,77,109,100,234,192,56,187,45,158
558,141,126,61,169,132,10,63,84,63,117,241,51,78,69,246,222
559,24,234,185,115,30,66,37,63,92,160,136,234,91,196,96,234
560,172,241,175,95,240,207,36,62,8,91,230,57,133,152,36,16
561,160,115,2,140,233,9,169,105,219,4,112,22,254,90,252,69
562,116,161,153,36,233,65,11,228,69,236,247,61,162,42,228,0
563,163,231,26,84,78,168,40,247,194,56,165,63,1,172,79,222
564,138,228,41,1,164,107,103,71,228,33,252,179,159,210,10,76
565,25,35,11,143,4,64,106,148,100,89,122,249,144,206,160,183
566,52,115,245,72,197,221,245,147,228,166,171,61,207,184,113,11
567,253,20,115,64,157,16,205,196,17,245,209,177,232,214,220,113
568,96,17,155,174,75,112,144,118,80,108,95,40,207,138,24,166
569,169,129,5,36,104,228,214,68,46,80,250,141,17,73,187,81
570,243,143,186,45,6,118,21,191,37,185,185,216,165,60,241,43
571,184,109,145,31,36,45,20,21,134,102,200,129,16,80,231,249
572,221,177,177,55,46,226,238,227,151,60,194,154,165,225,251,143
573,236,160,32,73,14,81,235,145,43,45,79,3,13,77,157,100
574,113,123,173,166,132,218,182,208,67,161,233,101,117,14,12,122
575,151,209,145,239,195,166,179,38,140,154,206,239,232,52,71,147
576,131,87,135,0,146,61,122,163,190,40,123,251,217,79,226,254
577,13,235,82,47,114,162,188,33,43,235,74,15,204,56,158,114
578,202,158,230,125,120,156,26,176,17,186,253,246,170,48,236,200
579,151,255,155,141,234,185,170,18,115,167,83,205,49,81,190,126
580,7,5,57,89,208,34,64,100,145,254,252,71,131,84,79,87
581,112,71,183,31,248,111,173,83,59,235,121,146,213,9,190,154
582,115,103,248,237,44,236,128,134,163,244,198,143,169,32,173,153
583,64,217,228,186,154,26,26,25,103,111,229,74,44,27,63,167
584,239,116,178,19,162,82,5,72,229,143,142,236,155,117,35,146
585,165,112,49,167,142,210,225,174,52,211,175,144,191,109,129,78
586,122,190,106,83,241,164,106,184,54,205,129,172,232,251,8,110
587,55,222,245,104,169,25,89,50,166,166,81,7,6,207,103,132
588,113,167,193,88,186,214,40,4,38,208,71,101,173,122,233,153
589,153,153,75,255,145,169,245,138,152,182,208,90,55,13,10,75
590,7,179,104,47,80,156,33,32,82,128,110,254,77,207,63,70
591,11,235,35,65,66,2,74,211,250,26,16,101,132,222,58,38
592,148,182,103,202,151,122,204,58,23,37,69,26,220,226,103,243
593,1,70,89,178,239,25,246,254,167,127,214,4,82,18,127,202
594,24,106,173,86,127,63,123,143,56,132,167,110,196,60,79,101
595,66,54,90,107,176,194,236,254,110,57,242,21,233,156,33,138
596,142,223,107,209,145,121,60,22,223,0,41,131,24,162,105,162
597,10,113,219,134,140,76,143,14,181,144,30,20,18,241,158,245
598,129,78,190,109,18,87,223,132,135,59,64,92,32,74,87,88
599,174,144,23,150,87,198,54,146,71,212,4,235,43,38,41,52
600,100,209,40,59,54,117,142,41,76,180,205,137,155,29,208,76
601,75,225,29,166,225,122,134,18,196,173,240,109,53,120,159,156
602,47,119,83,161,242,37,140,42,31,237,154,31,51,135,74,54
603,246,225,172,65,255,29,42,206,57,43,185,236,83,140,125,253
604,199,61,162,19,214,162,138,137,93,139,63,33,165,95,219,157
605,242,206,24,6,229,37,109,103,90,32,72,135,62,22,80,39
606,162,98,15,158,139,178,30,150,78,252,254,197,39,92,218,40
607,107,230,193,66,86,222,40,39,226,46,88,156,48,62,38,42
608,55,164,213,182,88,63,209,41,9,28,251,49,118,152,185,236
609,52,188,148,18,43,160,152,91,152,33,222,219,194,102,117,205
610,176,216,106,203,69,95,81,65,54,91,119,20,33,172,165,45
611,17,50,23,146,175,198,134,79,123,5,158,146,65,181,7,192
612,96,100,69,46,79,70,61,118,68,227,98,176,137,212,86,31
613,252,153,136,144,74,205,84,87,145,125,113,147,243,249,95,6
614,129,30,235,186,51,185,10,197,114,67,236,202,19,172,166,26
615,245,104,133,78,11,32,100,127,216,217,175,74,220,91,26,25
616,183,6,211,201,76,93,140,54,75,21,117,4,17,248,100,206
617,217,30,190,202,125,35,91,74,226,119,82,124,106,94,207,66
618,211,102,144,236,8,139,152,219,254,42,118,29,223,255,221,229
619,183,189,61,9,88,223,193,12,149,213,58,46,160,185,238,182
620,96,207,202,243,112,8,67,163,36,183,206,162,179,249,172,170
621,49,108,177,248,133,238,134,92,138,244,41,52,51,115,19,218
622,115,122,134,190,73,50,62,146,96,252,255,124,172,12,62,35
623,92,180,77,75,246,8,211,40,151,112,226,236,27,224,99,85
624,68,139,53,77,67,30,210,197,108,247,217,242,131,90,154,32
625,172,231,176,232,210,210,201,211,254,224,0,158,25,229,94,70
626,3,173,25,168,195,42,244,211,12,141,19,142,133,159,225,207
627,92,30,94,95,122,79,150,247,188,243,236,7,182,17,171,70
628,122,156,108,4,194,121,250,15,92,189,77,108,57,228,13,59
629,229,92,64,228,223,141,99,65,132,210,142,142,48,4,107,146
630,243,4,225,181,59,230,109,23,16,80,2,116,54,189,108,80
631,242,85,183,89,177,252,168,217,215,62,35,161,226,171,128,253
632,223,73,230,107,183,232,116,64,15,135,230,249,183,160,93,205
633,91,85,185,220,221,250,86,243,201,245,191,187,160,201,87,16
634,197,172,58,55,100,225,96,100,248,80,50,70,96,194,193,185
635,170,192,125,95,229,14,93,242,228,207,3,146,132,83,170,232
636,247,79,77,212,74,100,211,120,9,121,92,146,186,17,177,204
637,156,192,47,205,142,83,25,157,182,42,123,241,179,30,194,78
638,137,162,240,195,15,236,7,140,243,99,190,217,221,184,236,81
639,50,138,55,49,93,153,15,252,129,8,38,181,155,93,181,131
640,15,169,205,166,212,127,173,152,2,185,162,36,218,178,135,1
641,186,201,139,108,111,177,145,65,140,118,180,126,28,109,37,75
642,159,165,50,105,162,198,236,169,64,163,74,184,83,245,81,86
643,105,168,140,242,35,110,185,80,165,180,231,122,50,121,243,171
644,153,161,164,182,243,23,254,225,232,2,87,172,200,170,129,224
645,243,250,242,12,24,210,69,97,55,158,170,229,135,103,120,232
646,179,96,195,43,200,235,230,214,209,35,35,106,24,245,21,1
647,172,15,69,44,5,247,204,53,151,209,78,177,136,156,181,52
648,205,35,246,224,221,75,203,201,43,124,134,154,193,205,118,182
649,169,151,99,196,223,25,210,106,230,24,121,206,96,15,8,159
650,1,222,108,180,104,168,101,47,52,229,143,241,69,110,210,201
651,106,58,144,33,219,96,62,104,37,147,60,163,121,43,206,187
652,135,67,223,223,245,169,14,30,65,209,156,112,82,208,188,7
653,136,63,154,220,190,208,161,95,228,39,223,50,225,5,153,120
654,207,51,174,84,211,105,241,10,185,15,111,136,22,181,126,234
655,235,227,128,74,8,242,232,235,28,168,208,91,47,99,74,190
656,104,17,190,101,153,163,211,95,110,130,162,163,78,200,181,56
657,254,198,48,117,114,171,221,197,174,73,71,210,91,15,193,58
658,46,111,175,54,60,82,247,117,220,100,19,164,133,77,157,39
659,106,3,204,37,62,189,20,19,0,199,18,57,7,5,113,236
660,52,165,208,116,61,65,165,90,206,130,182,187,11,224,161,109
661,225,91,254,108,226,138,167,208,73,219,16,227,195,229,134,226
662,252,198,113,215,106,12,200,244,232,250,86,54,34,201,170,209
663,92,17,215,59,130,116,89,207,254,107,220,195,193,65,253,187
664,113,112,246,243,182,19,45,5,150,5,198,177,220,90,164,177
665,106,221,190,134,194,126,141,208,223,252,26,255,127,57,59,85
666,33,5,62,194,168,218,222,122,224,46,246,44,51,228,199,7
667,1,128,233,105,110,146,168,57,45,227,4,179,232,224,161,62
668,71,196,210,139,213,98,26,158,163,158,133,148,208,191,24,91
669,86,127,232,218,115,4,61,221,140,185,140,85,107,2,157,88
670,13,60,96,132,253,233,103,165,171,219,45,44,13,219,170,61
671,54,123,181,104,180,187,169,98,251,145,196,73,128,172,189,55
672,158,170,13,190,52,164,72,7,59,144,170,101,167,101,26,173
673,100,167,218,118,41,145,124,193,128,109,223,25,44,10,50,191
674,120,175,8,229,158,228,6,63,114,210,138,154,172,5,202,1
675,129,231,27,148,226,96,76,91,236,117,103,218,240,28,96,108
676,129,235,242,60,76,46,33,93,24,103,101,58,19,31,87,192
677,247,7,52,72,79,74,90,39,79,110,36,55,181,177,226,229
678,101,255,139,102,159,198,214,244,79,142,12,213,149,178,205,253
679,100,157,36,247,103,161,159,130,139,242,42,164,43,62,135,58
680,184,96,56,126,202,38,70,220,172,203,26,156,48,63,23,163
681,16,0,125,71,38,16,169,8,140,236,148,64,23,253,217,97
682,91,159,202,240,231,235,182,83,49,44,122,186,235,67,49,62
683,231,236,75,145,212,108,227,19,167,209,111,216,32,227,148,107
684,170,129,24,159,31,179,114,245,173,153,87,40,65,201,141,191
685,117,62,1,219,174,187,176,81,157,29,81,154,136,227,162,246
686,233,128,231,211,102,101,200,10,4,159,251,95,206,129,64,180
687,108,86,247,219,94,229,228,238,198,142,31,238,97,5,17,76
688,125,48,154,114,83,116,161,175,215,59,21,114,169,244,99,127
689,39,152,244,131,198,159,34,217,215,162,120,245,177,207,133,203
690,99,252,55,253,133,139,58,93,23,43,244,26,245,62,57,252
691,187,142,65,151,165,2,138,166,222,215,87,55,17,118,170,251
692,116,203,44,220,30,47,117,63,247,58,40,32,42,225,136,47
693,10,45,210,196,141,80,82,132,209,41,96,245,57,112,34,223
694,227,7,114,111,218,205,74,233,198,20,26,188,139,40,189,94
695,85,182,242,210,179,114,176,206,78,86,81,169,13,199,110,2
696,141,123,109,106,50,194,215,231,48,21,255,79,91,150,60,39
697,221,192,3,73,12,160,169,181,252,91,45,38,144,198,83,186
698,132,158,37,250,28,198,137,157,94,154,209,20,68,234,126,22
699,255,219,200,48,69,189,59,132,16,186,139,241,90,115,69,39
700,99,187,67,46,216,88,228,16,131,89,154,48,106,54,94,40
701,97,91,186,78,17,229,93,249,124,252,148,44,248,98,68,102
702,232,117,97,51,88,143,102,246,70,47,195,176,194,129,44,214
703,148,187,243,115,71,168,108,62,55,246,50,196,204,75,183,131
704,78,49,40,208,187,221,11,171,151,249,195,235,16,127,250,7
705,205,43,22,77,89,123,99,242,61,81,229,50,213,253,210,159
706,242,226,177,176,94,78,236,124,103,234,188,215,39,216,163,140
707,19,186,217,68,158,212,122,213,161,205,204,113,248,29,226,211
708,187,178,192,238,1,170,120,199,193,223,138,188,210,128,20,138
709,125,158,133,224,241,130,164,131,78,204,85,154,52,55,43,73
710,198,16,68,121,125,15,206,125,209,62,188,212,248,163,83,100
711,238,37,22,56,38,164,97,211,239,152,31,171,87,161,183,15
712,214,152,167,174,154,124,180,113,71,198,251,87,120,154,186,149
713,222,191,97,234,214,230,118,64,115,237,134,241,152,170,167,38
714,12,104,103,202,110,206,168,12,165,243,91,108,50,122,246,13
715,156,176,193,29,249,92,252,253,191,71,92,161,183,162,126,64
716,97,75,131,155,216,166,143,207,236,80,27,133,204,177,73,132
717,162,219,217,5,222,158,79,21,0,105,82,25,5,46,234,198
718,105,71,46,1,142,206,133,58,56,91,86,164,168,49,119,64
719,101,52,229,126,240,135,88,36,34,174,136,71,231,106,140,141
720,214,18,85,183,62,129,66,127,181,91,28,6,146,174,3,218
721,44,86,11,35,215,47,185,53,240,148,211,190,76,102,59,193
722,67,226,108,223,75,45,165,151,129,197,117,191,160,114,31,126
723,113,173,74,113,104,148,76,42,82,9,37,238,156,104,68,150
724,198,33,13,221,148,33,213,46,241,151,220,178,199,54,216,29
725,63,210,105,121,236,110,139,71,58,1,172,7,148,139,40,38
726,192,126,224,250,221,177,130,231,186,58,154,127,170,155,6,28
727,26,120,117,151,66,189,74,84,170,191,26,12,162,32,84,9
728,122,230,85,79,61,68,197,120,127,96,153,213,23,164,114,253
729,239,135,87,171,72,130,89,210,106,110,149,130,40,116,94,48
730,2,216,166,121,53,221,22,36,72,107,30,167,191,211,190,129
731,124,208,230,107,42,41,120,211,221,109,222,82,69,81,49,110
732,207,154,168,149,200,136,233,5,87,205,239,214,158,69,134,187
733,208,229,18,45,249,39,47,230,122,231,31,85,130,226,200,63
734,170,212,236,10,52,69,94,185,231,238,109,183,155,106,66,172
735,63,145,154,200,27,74,2,149,110,39,226,252,254,95,213,69
736,89,10,163,147,193,219,151,226,80,15,15,17,222,206,95,199
737,100,113,202,242,19,49,129,12,227,45,194,178,146,10,240,6
738,149,112,224,28,27,30,34,254,12,177,218,241,87,110,30,251
739,169,49,207,177,27,131,180,74,104,5,57,92,92,2,188,85
740,190,172,146,224,202,44,9,31,40,255,54,251,254,30,169,172
741,205,226,10,79,20,75,100,114,254,94,38,133,80,95,148,2
742,219,236,226,85,62,16,248,243,143,178,189,148,71,136,228,45
743,242,255,3,89,72,11,200,182,81,228,126,178,48,42,34,62
744,89,231,70,96,234,96,3,173,202,252,107,128,69,48,132,45
745,183,130,85,39,135,253,2,86,144,216,167,99,130,155,138,50
746,17,59,246,78,251,72,138,63,145,243,201,98,17,22,212,164
747,203,166,55,109,20,10,4,60,104,109,4,54,247,47,127,86
748,23,167,34,29,32,132,184,118,215,250,117,167,210,91,203,174
749,141,200,7,83,232,236,78,176,171,98,38,188,201,12,222,2
750,198,178,118,136,233,206,29,103,164,177,166,93,13,133,203,237
751,50,229,109,153,203,3,8,167,23,93,57,107,138,55,70,178
752,152,38,112,93,58,61,238,189,108,222,19,109,156,201,168,215
753,230,60,123,70,195,94,251,36,192,143,13,73,238,27,40,137
754,64,245,255,163,80,18,84,83,51,221,204,198,223,236,110,133
755,128,144,108,85,86,111,230,60,170,10,86,175,3,226,223,133
756,139,252,240,252,228,124,101,185,42,15,123,232,167,50,90,119
757,50,143,101,251,31,248,177,42,248,104,152,194,104,26,50,247
758,130,39,167,220,215,195,52,1,38,205,153,96,78,227,154,214
759,188,209,194,232,63,163,249,2,75,41,64,11,237,52,232,171
760,83,114,170,2,253,111,125,113,125,83,12,168,135,216,70,170
761,173,0,122,26,26,200,129,122,200,83,99,197,48,74,205,76
762,131,84,110,191,121,219,111,134,205,57,176,240,101,163,19,134
763,34,160,2,179,242,241,248,78,54,214,182,67,172,192,178,132
764,223,6,254,127,44,182,22,216,34,223,78,86,21,191,71,59
765,139,244,77,96,208,128,157,187,206,51,44,15,193,42,245,76
766,181,38,234,35,188,251,225,76,6,105,137,252,204,91,107,242
767,250,135,73,187,68,13,73,147,46,217,189,38,42,16,250,4
768,208,69,250,159,176,211,190,43,241,175,38,148,109,41,54,76
769,108,215,115,73,126,250,73,109,229,211,228,231,110,251,42,178
770,190,205,63,98,31,241,94,137,164,180,83,203,97,204,53,247
771,165,158,250,110,51,171,157,106,57,43,66,33,195,83,235,10
772,211,208,227,6,118,218,14,138,226,30,80,32,40,77,184,55
773,5,60,226,247,227,253,20,22,123,142,243,210,231,145,18,165
774,123,49,76,206,208,151,176,255,22,46,10,166,24,37,111,244
775,234,199,197,171,233,99,192,225,149,189,10,10,111,67,89,244
776,69,176,13,102,104,104,83,216,85,187,30,47,218,87,79,179
777,18,54,148,92,231,60,76,175,43,48,195,125,6,91,78,109
778,62,92,31,111,158,218,225,248,78,166,207,90,19,28,48,18
779,135,49,231,14,3,213,174,6,239,131,216,54,43,83,63,112
780,12,223,235,86,9,212,115,213,152,95,103,19,201,157,165,56
781,137,255,101,157,122,156,178,78,145,32,137,246,216,168,161,101
782,77,47,162,244,45,21,188,128,233,215,131,244,251,68,152,194
783,2,20,167,116,14,10,234,180,218,176,212,196,169,23,123,148
784,189,30,94,112,60,159,19,122,176,132,204,22,236,26,25,165
785,1,202,58,196,188,178,114,22,102,197,79,21,237,58,69,51
786,162,75,146,243,108,156,152,229,150,222,160,197,162,177,248,136
787,180,173,29,201,82,19,22,158,136,72,59,49,56,238,205,49
788,248,249,72,161,100,39,250,150,97,219,38,160,35,43,139,33
789,107,239,93,156,90,135,85,96,210,44,59,48,224,10,143,57
790,234,64,171,90,65,148,87,112,191,244,80,161,217,200,67,251
791,29,127,46,7,207,242,193,158,191,220,65,41,242,238,19,104
792,7,33,93,200,172,155,185,171,115,34,72,145,182,137,109,68
793,248,61,32,228,56,155,58,38,7,239,28,9,34,85,197,73
794,196,253,29,47,132,2,177,98,108,98,203,95,138,97,188,10
795,111,209,210,136,132,183,132,62,18,152,64,145,35,12,200,124
796,189,238,53,140,163,44,142,8,57,57,243,230,13,126,12,118
797,80,161,192,179,79,39,198,182,23,91,48,0,5,229,68,157
798,64,124,58,127,46,31,179,48,109,183,235,153,27,27,224,128
799,96,108,146,137,239,227,82,134,88,132,29,224,248,138,189,231
