0,13,190,36,39
1,84,242,131,149
2,175,103,67,158
3,192,43,254,137
4,78,61,158,197
5,122,29,90,139
6,193,72,230,62
7,248,79,95,60
8,94,61,160,186
9,174,90,68,160
10,114,3,43,90
11,19,81,163,16
12,142,69,240,255
13,229,150,72,49
14,198,203,160,253
15,104,185,207,250
16,1,75,223,134
17,205,39,118,227
18,23,70,65,1
19,253,62,32,60
20,171,86,153,115
21,118,115,132,39
22,82,243,159,106
23,28,173,204,224
24,213,100,174,57
25,93,3,77,177
26,28,247,221,194
27,51,60,248,148
28,133,36,24,195
29,70,82,2,123
30,88,112,218,117
31,136,61,225,14
32,67,56,47,55
33,120,238,20,42
34,173,162,33,50
35,119,88,93,107
36,38,249,76,30
37,69,168,29,222
38,14,171,116,215
39,79,189,16,80
40,32,6,3,244
41,253,239,93,210
42,110,129,19,115
43,240,245,23,171
44,246,12,73,89
45,168,151,125,90
46,15,121,14,80
47,209,74,248,94
48,86,142,223,123
49,53,168,188,13
50,37,146,69,38
51,4,226,15,55
52,250,169,214,111
53,238,233,188,61
54,177,61,231,222
55,105,16,227,247
56,211,16,19,134
57,92,87,124,11
58,213,103,140,139
59,34,113,251,88
60,151,181,26,221
61,1,175,80,169
62,1,253,72,116
63,234,213,50,65
64,67,237,135,181
65,120,184,214,165
66,188,41,71,104
67,7,23,167,177
68,96,253,3,83
69,239,4,53,82
70,233,249,206,170
71,206,78,170,247
72,23,83,160,104
73,17,70,47,157
74,193,79,192,42
75,4,18,103,75
76,114,230,214,81
77,191,119,210,237
78,250,36,246,238
79,164,177,30,230
80,77,129,160,173
81,66,109,202,216
82,190,142,15,195
83,176,143,35,32
84,208,230,112,15
85,211,155,166,204
86,105,33,130,178
87,54,20,5,54
88,134,31,237,211
89,153,26,141,251
90,68,123,28,196
91,158,219,137,192
92,81,90,191,84
93,120,56,56,32
94,169,48,49,17
95,233,12,100,255
96,231,47,212,22
97,97,43,53,246
98,60,94,44,51
99,133,18,216,125
100,143,48,231,153
101,247,163,186,111
102,57,143,66,123
103,205,18,160,176
104,63,16,50,230
105,178,82,151,3
106,244,197,123,165
107,100,219,215,162
108,101,224,148,22
109,213,188,2,181
110,18,207,76,211
111,246,48,181,186
112,244,17,148,83
113,235,206,94,140
114,21,64,114,12
115,33,163,101,59
116,116,69,7,40
117,154,18,46,179
118,68,164,227,147
119,127,108,64,14
120,65,37,73,12
121,248,147,202,124
122,7,218,225,200
123,27,223,44,232
124,47,190,76,142
125,189,168,157,232
126,61,162,151,105
127,206,129,251,235
128,55,32,228,129
129,249,83,241,132
130,51,197,211,111
131,61,212,248,65
132,243,50,35,14
133,38,224,153,183
134,46,115,182,207
135,143,87,14,111
136,4,17,168,160
137,193,237,252,200
138,185,182,114,220
139,1,97,42,61
140,167,90,31,238
141,196,16,75,66
142,40,6,111,37
143,234,192,198,130
144,15,46,115,179
145,166,192,239,122
146,8,128,120,240
147,242,81,205,50
148,98,235,105,205
149,193,54,113,99
150,91,43,183,197
151,109,252,44,127
152,79,210,141,211
153,58,101,106,227
154,230,90,178,152
155,43,180,210,219
156,163,20,197,91
157,211,82,74,99
158,248,38,137,147
159,52,131,250,58
160,113,22,237,128
161,73,76,236,86
162,86,100,27,138
163,63,179,230,234
164,133,203,60,105
165,23,233,83,210
166,72,192,242,142
167,200,146,123,197
168,78,125,114,209
169,194,189,23,151
170,242,210,251,67
171,47,120,105,174
172,133,115,250,221
173,24,41,55,16
174,101,63,116,216
175,55,253,189,140
176,28,50,136,195
177,240,195,123,38
178,39,94,164,197
179,200,141,14,63
180,82,90,223,254
181,98,50,137,1
182,24,221,50,193
183,227,197,177,55
184,243,91,192,38
185,137,119,90,252
186,225,99,56,134
187,6,71,145,184
188,29,130,61,156
189,50,7,185,116
190,109,48,111,76
191,145,246,165,223
192,21,10,219,163
193,32,49,239,55
194,19,48,1,42
195,227,185,24,4
196,253,77,80,153
197,190,163,206,177
198,98,9,230,177
199,40,74,162,10
200,132,52,194,100
201,103,32,186,44
202,188,18,223,116
203,47,164,172,175
204,212,115,215,77
205,155,174,98,179
206,70,68,104,91
207,175,14,41,249
208,92,75,241,214
209,207,198,73,110
210,190,142,64,238
211,211,239,90,75
212,63,207,111,72
213,177,96,87,149
214,67,21,82,232
215,0,203,210,194
216,121,229,212,8
217,254,215,3,61
218,50,87,46,219
219,22,41,115,223
220,19,134,23,238
221,85,2,218,168
222,140,61,80,159
223,185,60,75,177
224,231,249,150,40
225,160,1,116,226
226,152,117,235,219
227,84,138,109,229
228,220,254,97,115
229,245,150,24,184
230,178,197,244,232
231,225,253,62,132
232,149,53,218,159
233,18,19,154,123
234,117,30,160,208
235,181,251,223,78
236,237,43,220,182
237,217,36,65,250
238,176,158,157,62
239,202,139,139,224
240,217,226,238,65
241,97,17,182,179
242,221,204,160,131
243,89,160,43,33
244,112,179,44,112
245,137,48,72,43
246,10,191,46,35
247,169,1,114,169
248,57,229,236,42
249,40,169,22,227
250,93,254,175,127
251,123,114,60,24
252,7,100,81,78
253,63,202,219,93
254,171,57,25,137
255,104,28,17,147
256,251,81,71,167
257,197,134,107,39
258,215,58,237,173
259,21,77,238,211
260,114,129,161,89
261,251,210,44,233
262,220,181,54,63
263,47,7,206,142
264,2,9,80,199
265,98,22,21,217
266,196,183,196,49
267,112,16,143,21
268,191,103,241,69
269,172,211,239,29
270,238,247,237,216
271,46,101,28,121
272,114,2,39,6
273,97,44,248,0
274,93,70,107,253
275,61,64,12,143
276,129,253,118,30
277,244,14,27,3
278,4,204,56,142
279,22,41,29,163
280,158,146,164,147
281,151,7,81,35
282,47,235,124,162
283,151,171,49,184
284,149,134,203,198
285,1,33,243,233
286,144,233,232,166
287,205,173,179,153
288,188,86,164,181
289,233,63,5,22
290,149,174,22,230
291,140,146,152,47
292,232,60,178,223
293,5,218,195,8
294,242,76,200,205
295,226,142,94,193
296,230,43,87,206
297,183,27,250,35
298,162,28,25,137
299,148,221,174,48
300,209,77,3,137
301,194,173,239,220
302,193,138,9,242
303,52,208,145,66
304,225,195,242,121
305,173,200,237,50
306,239,4,232,214
307,137,205,95,144
308,105,157,71,126
309,178,75,177,175
310,63,141,134,32
311,80,197,211,183
312,50,69,89,69
313,97,241,72,78
314,205,228,68,102
315,145,182,227,203
316,114,234,145,15
317,71,228,37,198
318,119,83,79,214
319,14,58,83,56
320,243,139,56,142
321,83,73,122,37
322,108,139,179,164
323,136,64,38,152
324,69,195,248,119
325,193,137,20,195
326,125,26,14,84
327,228,103,80,30
328,250,111,11,243
329,192,105,83,232
330,97,115,0,144
331,95,167,92,149
332,77,204,75,19
333,36,56,248,179
334,97,130,187,108
335,112,41,232,42
336,194,174,158,233
337,211,164,218,34
338,26,78,62,58
339,244,139,40,116
340,131,226,121,241
341,193,7,202,70
342,69,38,29,83
343,194,248,202,104
344,163,230,116,233
345,170,48,43,249
346,185,73,235,129
347,224,182,243,60
348,125,137,32,63
349,218,251,14,182
350,24,39,161,229
351,210,44,63,100
352,210,28,165,190
353,183,66,211,88
354,214,130,154,135
355,203,116,214,25
356,122,59,213,23
357,222,252,159,222
358,136,47,254,237
359,192,0,34,50
360,162,105,177,112
361,251,133,44,140
362,180,51,179,103
363,165,233,175,47
364,5,0,157,37
365,192,117,188,245
366,140,107,47,234
367,63,224,49,186
368,155,41,183,72
369,149,122,59,202
370,76,24,194,168
371,106,239,211,8
372,151,228,14,172
373,229,22,215,129
374,35,240,54,204
375,189,114,58,215
376,205,79,172,116
377,48,64,147,37
378,217,130,213,236
379,213,247,224,0
380,192,189,176,109
381,47,60,167,238
382,182,34,56,53
383,202,242,181,193
384,248,66,247,201
385,199,56,175,106
386,55,162,112,89
387,142,114,51,76
388,102,200,254,225
389,151,120,244,88
390,167,135,103,179
391,48,69,57,64
392,244,215,7,33
393,68,26,89,120
394,183,139,144,70
395,82,57,125,4
396,128,155,168,85
397,239,201,175,0
398,135,146,62,117
399,70,93,78,56
400,230,220,84,213
401,112,228,135,112
402,222,102,60,158
403,151,130,250,190
404,222,235,123,103
405,48,234,188,236
406,115,227,134,0
407,1,87,37,244
408,190,187,84,209
409,205,53,68,103
410,131,95,41,133
411,30,213,199,54
412,125,169,123,91
413,230,83,17,57
414,29,125,188,99
415,54,233,179,195
416,122,173,223,209
417,178,139,14,245
418,221,191,243,181
419,13,134,218,132
420,226,240,184,202
421,56,86,127,145
422,253,111,57,100
423,156,139,167,106
424,188,7,133,43
425,88,226,65,57
426,250,200,94,30
427,250,51,32,90
428,251,76,68,57
429,0,228,208,91
430,44,114,178,40
431,2,236,196,212
432,25,25,88,191
433,43,67,248,203
434,27,182,49,63
435,105,207,50,213
436,15,215,233,1
437,138,122,155,11
438,102,253,137,226
439,68,39,31,156
440,195,39,160,137
441,4,169,249,19
442,128,132,32,187
443,81,166,50,88
444,50,164,7,26
445,93,175,91,39
446,180,81,109,243
447,111,69,182,223
448,239,237,5,63
449,178,215,24,151
450,18,220,64,176
451,16,240,72,246
452,196,6,37,69
453,167,229,72,120
454,71,241,203,14
455,169,118,241,215
456,136,65,173,161
457,97,142,165,176
458,131,191,148,69
459,89,97,67,228
460,120,43,181,13
461,189,169,113,229
462,238,27,147,217
463,76,161,127,204
464,171,72,193,213
465,85,169,85,44
466,75,103,42,251
467,159,70,207,128
468,102,136,135,41
469,58,42,152,126
470,197,172,200,135
471,186,165,19,202
472,112,192,237,104
473,136,157,42,94
474,24,209,70,53
475,117,160,220,92
476,165,158,108,186
477,46,97,75,48
478,126,253,106,243
479,110,245,135,168
480,115,217,78,109
481,146,222,227,31
482,31,142,29,129
483,108,203,156,223
484,237,146,143,233
485,236,88,195,173
486,224,56,40,182
487,190,227,219,220
488,175,46,75,53
489,123,172,104,52
490,220,54,166,29
491,224,31,164,234
492,194,28,249,90
493,244,23,255,251
494,227,154,104,187
495,224,66,152,151
496,30,74,234,36
497,213,193,183,168
498,183,34,252,58
499,75,37,173,17
500,169,70,200,6
501,108,180,167,47
502,0,50,31,205
503,160,193,15,184
504,161,69,11,41
505,192,102,214,141
506,22,203,197,121
507,136,194,124,226
508,233,138,155,234
509,188,15,40,222
510,37,148,249,168
511,86,144,5,2
512,176,247,30,74
513,54,109,63,178
514,81,106,63,40
515,147,244,97,173
516,76,183,168,23
517,187,171,149,173
518,204,249,83,0
519,141,206,48,36
520,91,64,193,213
521,61,144,85,191
522,22,72,74,186
523,60,137,225,106
524,116,56,8,161
525,0,47,202,157
526,202,94,135,12
527,231,48,33,13
528,9,226,213,168
529,112,180,85,62
530,183,65,14,0
531,95,98,250,30
532,50,41,178,225
533,187,15,80,120
534,52,19,9,7
535,191,124,11,13
536,138,115,129,27
537,85,147,73,23
538,214,0,175,150
539,8,188,137,86
540,101,195,169,164
541,187,210,124,243
542,1,63,205,50
543,251,59,232,67
544,232,228,169,5
545,34,70,122,243
546,7,108,149,24
547,23,243,87,40
548,232,155,217,168
549,249,138,89,246
550,195,221,142,214
551,154,58,133,218
552,138,26,81,90
553,67,62,235,16
554,215,211,189,143
555,222,93,63,74
556,7,57,36,255
557,79,224,203,154
558,22,165,87,186
559,129,78,236,140
560,28,33,119,238
561,76,23,72,255
562,178,58,165,150
563,49,147,249,169
564,247,130,35,201
565,185,87,117,73
566,48,117,228,160
567,249,215,173,254
568,188,110,218,204
569,183,213,228,207
570,70,115,66,200
571,120,214,6,28
572,224,121,22,212
573,182,37,226,148
574,32,169,83,56
575,103,143,138,92
576,253,188,51,181
577,6,8,43,42
578,185,91,139,220
579,53,229,59,152
580,233,210,136,142
581,67,58,110,53
582,48,231,167,17
583,197,28,6,203
584,32,249,95,48
585,178,80,33,217
586,90,216,17,14
587,129,231,113,119
588,210,220,28,217
589,236,233,112,182
590,244,225,153,13
591,73,231,81,36
592,41,202,249,190
593,128,204,86,54
594,47,1,43,53
595,5,211,209,74
596,148,64,24,63
597,115,182,32,80
598,130,146,61,201
599,204,179,24,126
600,45,38,233,173
601,164,232,231,15
602,243,2,52,38
603,240,218,70,185
604,135,20,19,2
605,154,200,204,112
606,80,102,246,138
607,104,132,180,3
608,118,131,94,255
609,64,20,248,113
610,250,53,88,195
611,91,94,139,239
612,158,196,93,128
613,124,132,186,103
614,66,220,60,32
615,207,64,60,149
616,232,24,191,249
617,195,221,48,229
618,126,237,112,89
619,181,234,94,20
620,24,80,151,129
621,5,199,95,212
622,83,33,180,75
623,221,153,247,186
624,47,185,5,199
625,152,239,183,147
626,212,119,115,171
627,149,172,79,85
628,77,93,249,219
629,255,75,71,39
630,121,22,22,27
631,222,192,174,95
632,61,190,19,190
633,176,123,56,220
634,16,208,247,68
635,153,250,186,245
636,245,159,203,245
637,58,172,73,228
638,37,88,103,209
639,17,89,95,218
640,138,138,111,193
641,105,122,96,213
642,137,149,65,131
643,177,87,87,237
644,134,20,143,161
645,78,151,116,7
646,238,173,3,178
647,229,48,214,203
648,155,32,249,60
649,74,99,92,60
650,203,155,104,227
651,101,129,237,157
652,13,149,88,225
653,119,152,69,25
654,237,119,246,100
655,107,59,157,55
656,95,80,13,62
657,27,189,225,77
658,118,203,7,1
659,152,255,177,5
660,28,64,222,246
661,0,18,149,115
662,53,143,44,68
663,133,96,218,126
664,197,248,150,50
665,209,20,42,14
666,124,171,5,223
667,66,186,178,10
668,57,46,175,96
669,218,218,209,43
670,255,28,231,47
671,73,120,129,151
672,37,218,148,181
673,219,220,127,132
674,80,27,228,229
675,159,21,253,79
676,87,9,40,43
677,184,247,236,50
678,253,220,20,91
679,38,31,110,30
680,240,134,147,4
681,62,175,186,83
682,123,204,47,28
683,97,16,205,18
684,223,238,140,31
685,79,8,149,28
686,78,99,229,155
687,51,200,226,168
688,37,219,144,142
689,22,121,76,80
690,28,233,108,42
691,76,237,108,159
692,185,42,213,80
693,49,205,48,19
694,166,207,67,169
695,75,145,219,234
696,24,157,210,28
697,227,0,69,125
698,205,115,35,133
699,221,213,42,200
700,225,72,183,137
701,183,88,9,127
702,24,112,142,238
703,79,100,210,44
704,246,157,51,32
705,56,91,220,240
706,116,214,127,109
707,89,13,252,240
708,9,247,80,15
709,143,94,82,210
710,12,231,47,64
711,42,210,86,134
712,155,251,91,147
713,66,196,248,43
714,128,52,239,24
715,226,39,57,29
716,190,65,10,72
717,90,52,89,5
718,220,58,125,40
719,19,67,10,109
720,49,248,105,253
721,164,88,61,97
722,7,220,105,163
723,251,188,247,160
724,156,156,47,187
725,232,236,132,68
726,155,87,106,22
727,123,214,134,13
728,15,222,145,19
729,47,51,16,34
730,83,132,176,56
731,14,40,142,191
732,1,79,175,239
733,141,21,141,67
734,134,152,146,33
735,64,155,151,238
736,110,129,42,115
737,244,122,43,251
738,88,170,55,254
739,99,209,180,245
740,218,165,146,167
741,15,169,127,193
742,156,174,8,187
743,144,132,91,102
744,91,210,167,0
745,42,195,40,130
746,143,178,11,54
747,23,105,193,59
748,229,130,164,248
749,166,150,242,188
750,225,139,128,230
751,13,160,202,92
752,122,2,13,84
753,116,103,139,72
754,190,59,84,33
755,134,194,146,223
756,11,191,198,191
757,163,113,10,204
758,199,193,73,95
759,165,27,20,209
760,15,198,78,218
761,250,52,215,68
762,40,32,230,30
763,176,154,136,99
764,60,228,125,244
765,33,207,186,45
766,70,203,146,83
767,164,130,102,190
768,208,38,27,249
769,221,9,27,30
770,166,184,98,135
771,28,245,53,245
772,89,184,39,87
773,90,190,191,249
774,20,218,135,6
775,124,205,145,186
776,255,99,168,228
777,137,211,131,242
778,36,193,103,200
779,171,120,23,230
780,158,29,103,1
781,15,234,231,15
782,142,141,186,247
783,208,174,14,235
784,79,117,222,135
785,84,115,108,248
786,17,140,85,54
787,234,76,9,186
788,31,202,66,70
789,142,224,16,30
790,200,34,95,12
791,41,162,228,203
792,20,155,125,11
793,3,5,117,159
794,49,211,38,33
795,94,0,193,58
796,201,86,106,130
797,198,251,112,106
798,67,151,218,43
799,244,77,243,51
800,53,129,182,121
801,161,12,23,143
802,87,199,206,167
803,66,247,254,29
804,108,24,58,56
805,7,116,147,181
806,204,73,26,223
807,42,147,25,59
808,110,124,170,4
809,48,10,53,32
810,142,217,178,189
811,73,217,209,184
812,80,92,233,18
813,198,24,167,215
814,11,130,76,112
815,63,255,194,89
816,87,90,106,95
817,179,243,54,181
818,37,177,178,249
819,203,132,133,59
820,207,112,102,66
821,10,30,128,136
822,51,120,86,254
823,188,234,74,97
824,181,71,213,187
825,19,9,26,138
826,39,219,64,158
827,249,9,174,0
828,126,3,105,185
829,234,174,224,204
830,95,76,174,18
831,32,227,210,190
832,150,70,251,229
833,87,165,21,108
834,190,172,8,89
835,128,43,208,95
836,91,87,53,189
837,165,125,127,155
838,21,115,245,54
839,109,230,233,135
840,179,192,95,242
841,192,85,37,226
842,247,218,173,71
843,44,224,51,152
844,130,204,141,97
845,213,27,87,37
846,118,31,238,254
847,250,206,151,214
848,155,172,182,28
849,51,235,45,63
850,122,75,19,176
851,250,94,78,67
852,243,65,83,84
853,57,97,169,84
854,151,15,65,28
855,243,147,81,245
856,45,195,149,40
857,129,240,19,33
858,164,147,184,6
859,52,39,84,207
860,214,197,96,143
861,155,131,83,237
862,122,97,145,226
863,26,205,70,213
864,208,81,135,251
865,7,249,88,223
866,138,177,167,150
867,241,155,108,147
868,210,30,6,96
869,72,73,209,229
870,64,210,94,207
871,61,241,147,75
872,253,22,37,189
873,42,93,185,101
874,102,117,117,131
875,159,147,248,223
876,230,172,206,83
877,173,234,147,102
878,243,248,63,141
879,231,230,207,166
880,146,194,138,37
881,39,218,73,248
882,243,39,204,119
883,255,121,145,172
884,80,22,213,119
885,129,18,7,245
886,135,233,234,243
887,201,75,133,10
888,103,125,205,89
889,188,154,148,110
890,36,219,17,141
891,24,113,22,74
892,251,86,111,128
893,12,134,237,86
894,123,222,141,135
895,92,21,2,24
896,178,13,221,241
897,52,24,62,76
898,211,253,144,5
899,169,248,96,162
900,240,146,104,70
901,11,244,100,138
902,166,75,243,239
903,58,222,15,106
904,178,13,81,146
905,60,115,163,86
906,209,143,197,37
907,141,151,25,129
908,95,79,131,34
909,170,94,60,140
910,174,229,6,242
911,182,141,3,81
912,36,180,179,171
913,31,160,252,11
914,222,162,39,229
915,158,15,49,121
916,161,121,168,164
917,21,183,10,47
918,166,40,23,104
919,40,179,188,107
920,1,190,170,205
921,210,1,125,140
922,17,125,20,206
923,144,146,119,193
924,203,189,57,48
925,35,26,125,172
926,87,198,122,169
927,112,54,246,126
928,0,221,166,29
929,95,233,1,113
930,33,255,65,155
931,63,124,209,175
932,75,186,39,233
933,157,43,111,97
934,178,148,245,1
935,57,192,132,36
936,107,67,119,105
937,37,119,167,12
938,26,177,68,24
939,255,22,149,54
940,10,134,45,134
941,157,30,62,55
942,230,106,128,150
943,110,109,236,197
944,179,200,77,83
945,115,98,253,153
946,254,19,168,185
947,97,213,132,247
948,153,10,191,127
949,129,222,224,57
950,167,115,212,86
951,112,71,223,88
952,85,23,181,31
953,248,36,39,215
954,205,150,25,114
955,234,172,228,92
956,229,176,44,22
957,253,224,62,214
958,25,120,73,87
959,122,1,21,119
960,126,129,5,157
961,150,14,134,151
962,114,208,24,74
963,82,212,62,62
964,250,234,113,189
965,198,20,73,81
966,229,160,141,61
967,200,119,13,65
968,6,212,173,171
969,2,190,96,174
970,32,106,204,47
971,175,165,59,159
972,71,8,56,94
973,81,128,87,223
974,245,31,163,23
975,242,119,41,128
976,38,212,13,219
977,197,120,15,216
978,145,52,89,128
979,31,233,35,234
980,241,234,142,249
981,44,255,59,239
982,93,96,184,62
983,1,73,172,169
984,131,196,39,175
985,17,233,37,12
986,181,255,76,219
987,104,67,124,65
988,171,1,200,34
989,121,161,162,34
990,236,32,72,172
991,190,131,28,26
992,246,129,211,252
993,244,206,32,179
994,69,162,155,163
995,21,8,73,92
996,154,43,21,221
997,242,54,49,112
998,226,4,20,84
999,185,158,129,52
