0,240,43,212,78,156,89,200,115,38,131,78,53,87,68,224,44
1,77,182,197,49,86,45,41,187,142,184,210,39,174,162,235,47
2,32,165,82,109,24,40,120,35,182,17,79,165,68,19,27,197
3,0,190,174,60,108,81,192,218,254,65,247,32,153,66,104,89
4,16,100,96,104,7,147,7,94,9,152,149,251,2,6,203,180
5,23,120,163,93,74,47,101,69,110,81,177,213,94,132,98,242
6,161,115,84,3,106,136,68,86,55,97,140,240,123,129,153,226
7,195,43,151,69,101,215,255,140,209,195,76,31,111,57,161,44
8,65,181,169,96,18,182,104,1,107,114,235,9,77,36,239,200
9,27,83,156,82,241,165,235,220,206,139,171,178,251,149,146,138
10,220,121,210,14,135,241,99,197,54,72,52,137,34,14,133,217
11,27,56,134,72,102,148,203,121,186,200,155,131,102,178,107,228
12,13,180,193,5,65,15,92,111,68,225,242,238,111,62,64,200
13,36,106,113,58,144,66,214,201,44,100,38,8,112,105,240,151
14,11,102,150,34,181,194,237,233,241,149,68,140,37,144,243,52
15,127,181,179,43,175,64,36,99,174,195,115,195,144,20,72,85
16,221,177,244,140,172,241,150,60,60,56,50,183,212,215,118,67
17,92,248,184,231,44,21,104,152,27,251,177,175,3,165,116,24
18,77,28,124,153,112,9,236,81,162,12,77,5,193,151,148,148
19,217,113,66,136,97,129,175,18,13,31,136,249,6,158,216,196
20,26,125,252,157,72,210,253,252,84,254,15,35,105,217,82,33
21,132,238,154,54,230,123,144,232,255,16,147,144,193,96,99,223
22,241,26,186,58,201,59,115,200,80,178,146,193,248,155,20,128
23,223,116,33,162,254,115,88,194,127,98,98,12,107,95,201,253
24,154,112,114,156,113,167,229,7,219,221,1,21,49,95,19,10
25,105,202,211,164,143,72,174,123,13,199,140,104,23,173,93,71
26,250,38,117,42,25,51,240,175,218,102,95,104,67,88,181,106
27,164,120,42,166,35,126,52,206,19,142,62,17,179,103,255,171
28,64,181,123,54,181,128,124,113,148,217,12,74,22,180,55,11
29,157,176,243,44,139,54,152,131,135,169,226,203,187,120,167,48
30,229,51,145,19,231,112,193,159,72,170,158,201,130,124,47,244
31,116,164,132,36,127,92,168,163,160,196,60,236,28,65,3,238
32,228,212,187,45,223,106,132,80,46,186,121,75,253,157,115,126
33,105,200,224,96,227,149,219,52,60,229,167,104,201,151,183,48
34,178,143,190,143,20,146,10,74,87,185,181,114,51,132,199,122
35,229,130,66,201,14,107,206,241,93,32,196,55,123,165,173,50
36,124,121,134,96,65,135,71,54,234,195,206,158,22,219,244,51
37,7,205,146,199,167,51,68,147,71,208,67,140,42,34,5,15
38,36,71,204,214,68,22,198,149,72,218,153,127,222,230,173,217
39,49,60,67,93,149,53,21,21,197,224,45,98,181,111,21,73
40,127,127,76,26,60,110,200,245,141,160,5,61,114,244,215,213
41,22,244,24,121,128,140,160,131,10,167,58,226,52,7,17,127
42,80,214,58,168,136,84,30,251,241,234,39,180,205,118,156,118
43,202,17,84,251,93,68,42,204,179,196,172,24,135,212,186,192
44,140,57,77,155,13,202,58,155,142,152,8,71,207,50,232,146
45,81,247,211,244,146,56,196,24,111,147,55,126,139,222,180,14
46,90,8,5,120,76,191,251,44,6,55,194,200,252,12,176,131
47,50,17,141,145,40,42,26,34,192,171,115,226,134,213,239,119
48,82,248,137,228,213,50,178,177,133,254,100,244,178,241,158,5
49,134,122,253,65,144,152,205,32,102,229,81,25,68,0,169,97
50,130,40,187,215,123,92,221,237,172,137,34,0,74,100,136,137
51,16,24,246,147,115,208,182,160,226,121,32,11,97,249,139,117
52,179,220,238,192,230,75,30,188,214,230,70,197,177,28,84,88
53,203,158,98,69,28,192,170,250,163,156,150,150,74,220,92,173
54,106,106,199,32,238,134,236,51,68,118,116,250,235,75,158,47
55,133,2,99,2,233,4,55,187,74,55,100,192,102,62,209,7
56,47,212,201,21,75,35,119,253,163,15,176,255,13,248,203,176
57,244,219,102,99,90,171,217,159,154,35,211,199,252,141,243,104
58,151,142,6,99,20,230,78,136,123,245,175,201,32,253,230,65
59,200,42,150,154,34,68,37,133,129,117,233,121,63,77,160,16
60,134,238,123,104,146,207,54,109,249,26,242,87,127,35,225,208
61,74,25,65,86,212,159,113,245,195,85,153,111,19,173,159,71
62,60,207,148,143,223,179,190,166,154,45,43,67,31,209,168,245
63,243,30,159,90,155,206,119,156,201,231,123,150,251,247,218,161
64,157,220,95,174,218,71,9,255,60,249,101,230,76,227,144,4
65,131,14,132,75,137,228,102,92,16,187,139,135,193,107,34,112
66,62,11,222,225,235,47,89,87,14,137,124,147,81,24,158,119
67,34,157,125,53,241,237,251,86,184,77,116,69,73,226,23,213
68,172,193,6,85,24,134,198,30,218,162,93,98,152,160,41,71
69,245,207,212,61,82,169,8,127,180,17,225,189,22,226,161,247
70,124,43,240,138,233,101,186,152,61,5,138,19,185,70,81,169
71,196,205,254,19,91,130,248,54,26,141,92,169,0,129,139,228
72,155,56,159,141,163,230,159,108,52,254,106,137,247,179,210,170
73,15,176,238,144,116,56,205,99,25,3,49,61,160,173,173,143
74,85,204,8,159,75,35,74,242,145,195,229,86,176,86,178,52
75,51,180,220,12,100,215,20,150,11,28,220,53,224,76,55,123
76,174,155,170,216,1,185,153,196,207,27,198,219,64,99,65,250
77,11,90,229,235,127,94,84,179,38,50,124,174,78,188,144,132
78,108,45,101,64,44,59,212,30,199,218,101,130,208,113,249,198
79,140,245,35,223,231,170,117,153,88,152,220,87,145,48,82,84
80,106,147,232,210,239,46,61,117,197,158,25,138,157,50,182,171
81,235,39,163,88,101,27,165,85,183,117,112,123,150,104,219,245
82,175,79,86,7,123,253,93,227,126,104,250,228,42,208,193,159
83,192,198,205,179,71,120,43,89,29,174,242,88,234,73,248,14
84,187,219,140,62,170,106,141,197,107,116,101,174,227,92,60,249
85,168,182,172,153,217,142,189,52,95,87,244,83,206,205,46,68
86,161,104,143,177,105,249,50,52,1,230,202,188,184,229,98,85
87,239,40,165,15,234,14,205,87,164,56,9,125,111,213,19,65
88,90,74,170,77,124,226,58,173,73,194,71,184,30,160,34,87
89,176,203,24,197,228,36,74,83,100,219,239,237,217,88,72,215
90,220,135,177,10,11,245,68,145,93,178,136,88,13,187,145,222
91,0,102,100,19,243,83,99,42,128,163,70,111,22,106,137,217
92,114,32,234,49,132,0,22,219,66,24,110,38,101,66,185,16
93,148,99,218,41,193,4,182,26,0,124,80,11,1,164,84,7
94,214,124,35,26,76,50,182,165,167,234,8,99,75,164,58,213
95,110,199,21,250,62,88,136,112,238,139,53,219,73,106,171,172
96,137,139,114,224,194,250,203,239,3,225,78,117,239,85,77,48
97,4,16,60,90,250,186,103,229,219,113,88,189,32,138,112,91
98,238,7,28,138,19,228,178,39,145,115,32,120,81,19,154,3
99,106,140,176,207,151,164,206,248,116,157,46,86,38,186,218,81
100,166,115,31,38,96,241,203,252,179,22,30,86,99,59,103,175
101,3,145,160,152,191,43,67,213,206,41,32,231,250,119,127,254
102,172,58,245,89,176,241,129,245,51,84,183,250,48,202,161,36
103,41,42,3,106,56,193,100,57,189,190,252,129,4,182,124,53
104,180,131,238,234,61,80,137,72,226,45,14,30,104,110,66,208
105,94,172,130,99,128,185,121,224,222,17,99,0,233,2,51,120
106,72,42,189,189,132,238,220,123,30,64,34,33,222,61,136,241
107,124,190,199,174,128,8,247,250,182,99,203,106,54,103,34,247
108,43,112,175,193,182,102,234,72,179,74,192,126,124,132,142,210
109,98,70,181,93,202,185,128,28,123,148,132,23,183,196,87,164
110,116,208,3,87,235,93,131,72,165,106,189,80,37,53,179,102
111,169,203,9,254,239,177,218,68,243,60,74,52,7,247,246,251
112,246,132,245,176,179,71,251,225,79,180,254,114,4,115,104,208
113,210,190,231,94,96,27,95,83,0,91,218,24,197,102,95,230
114,95,57,234,152,106,43,11,248,113,151,194,170,215,184,200,72
115,127,51,201,1,97,32,103,149,69,12,23,244,5,103,105,69
116,154,106,72,64,237,229,227,233,145,131,183,118,158,25,151,235
117,31,134,96,213,147,86,45,206,110,207,52,77,107,255,52,164
118,251,238,121,113,19,104,251,73,73,109,94,226,67,43,15,238
119,171,109,213,149,133,111,167,72,156,210,102,217,124,134,28,140
120,154,48,146,194,125,114,27,227,242,145,48,251,178,255,11,179
121,217,249,254,98,224,157,219,104,109,218,163,34,155,163,59,255
122,133,152,43,56,54,76,27,131,40,8,15,82,225,188,13,71
123,83,1,240,16,155,64,48,74,39,37,232,141,60,36,14,149
124,30,152,211,224,163,249,222,1,189,172,131,23,72,94,150,200
125,110,123,126,173,200,68,50,220,136,234,134,40,197,58,169,196
126,75,240,189,219,70,110,6,18,130,198,57,73,75,4,95,36
127,230,66,43,183,108,197,82,7,176,216,248,217,156,135,11,200
128,218,155,12,100,208,62,224,97,120,9,85,121,22,103,231,202
129,22,202,244,136,236,111,30,83,175,47,202,88,244,150,9,172
130,177,230,68,70,7,70,7,104,219,94,0,163,105,235,217,186
131,54,66,143,124,134,19,115,153,57,219,252,136,185,34,83,7
132,53,56,116,72,245,217,67,143,149,244,205,158,213,198,204,122
133,19,159,143,69,99,3,42,53,241,32,122,153,56,200,12,203
134,121,8,118,16,244,229,34,24,142,43,92,155,234,208,224,112
135,208,20,243,249,179,169,184,58,222,90,20,139,249,137,136,201
136,172,121,232,250,4,150,199,65,95,191,205,67,212,103,170,34
137,33,129,153,83,90,210,77,53,124,57,132,127,65,181,148,77
138,72,45,64,100,240,248,113,59,226,197,119,221,239,239,6,222
139,141,61,34,170,182,67,232,237,240,32,253,92,208,167,222,107
140,125,188,151,239,198,17,67,88,41,246,107,24,197,123,57,63
141,44,225,183,26,235,3,232,167,219,254,192,80,69,234,253,105
142,107,95,146,50,39,0,182,11,83,201,65,219,3,3,234,30
143,107,113,59,105,71,227,144,118,84,59,61,159,192,50,130,206
144,137,65,249,105,219,146,87,33,189,209,169,182,215,193,129,101
145,76,118,104,23,54,198,13,8,119,58,60,73,35,181,177,156
146,225,4,116,146,65,212,44,198,33,243,74,95,74,43,78,74
147,167,140,80,43,71,34,104,128,34,216,139,9,155,99,73,40
148,125,237,247,132,11,43,96,207,6,226,107,204,1,6,24,106
149,244,208,202,50,192,63,2,207,78,134,191,32,194,118,237,30
150,158,69,80,119,200,90,159,200,33,106,220,92,246,22,121,75
151,11,203,70,246,66,185,246,20,132,103,115,128,6,231,156,33
152,53,89,99,131,203,22,174,65,6,8,180,152,155,238,156,199
153,110,55,146,98,7,178,6,129,251,2,151,196,181,54,207,154
154,19,186,138,149,210,135,190,238,201,81,80,8,246,94,208,217
155,141,69,247,35,35,82,115,69,210,252,69,128,61,24,164,37
156,103,24,163,88,12,83,245,253,251,162,26,155,40,248,113,73
157,143,193,84,126,98,241,86,250,237,94,158,102,31,124,167,37
158,243,83,72,144,235,156,177,55,128,157,165,41,234,54,179,200
159,29,167,143,212,48,147,240,28,241,240,54,192,17,113,182,255
160,133,62,165,113,67,130,6,110,213,252,128,133,114,193,188,236
161,171,171,255,98,23,10,112,0,231,22,129,186,209,100,123,118
162,56,128,136,100,67,160,238,158,41,33,95,170,85,76,155,142
163,194,38,49,179,71,108,184,207,243,195,206,15,45,66,255,175
164,231,48,11,195,179,4,189,103,224,5,12,113,211,144,158,15
165,208,245,160,69,185,51,150,16,191,245,75,120,178,242,218,91
166,111,152,112,17,19,36,71,61,244,226,153,110,17,234,115,7
167,239,193,210,233,86,165,248,41,243,60,143,127,153,169,115,129
168,44,167,160,23,248,86,60,226,181,60,100,82,206,17,179,208
169,56,58,95,82,189,247,151,113,93,215,46,32,91,167,229,115
170,55,138,218,136,76,58,71,170,109,168,95,103,254,101,54,128
171,19,182,94,93,18,170,159,61,52,205,218,194,122,193,244,100
172,229,252,4,143,209,173,92,251,101,230,34,168,222,100,205,188
173,3,199,193,139,92,167,205,125,249,169,134,2,253,88,157,36
174,11,189,41,214,126,179,194,153,199,205,71,226,246,184,204,253
175,121,56,21,48,250,152,133,83,128,47,26,211,23,31,195,130
176,123,178,160,124,40,217,94,52,233,121,142,118,138,94,242,176
177,40,248,42,219,165,1,101,55,149,172,40,122,133,68,110,210
178,74,63,87,140,2,160,167,186,110,82,74,34,255,113,38,192
179,87,113,44,114,135,141,206,27,197,73,47,211,25,126,42,23
180,83,61,210,94,99,90,229,242,209,84,150,112,179,12,147,3
181,179,206,154,122,221,34,229,23,194,243,230,120,248,102,251,87
182,122,45,68,112,105,12,25,215,208,46,217,44,190,208,152,16
183,39,177,175,37,175,48,144,24,244,76,15,50,12,190,106,137
184,51,12,97,55,229,197,41,61,50,170,6,117,45,125,16,239
185,49,204,174,130,22,179,235,23,155,40,86,67,28,12,44,185
186,204,92,74,97,31,250,191,53,114,224,56,225,40,51,120,65
187,60,240,157,115,151,132,181,81,32,26,180,12,37,19,228,190
188,238,212,46,17,225,91,103,189,209,185,1,58,141,196,107,53
189,114,10,227,204,11,84,54,6,0,140,224,122,86,173,120,36
190,235,66,10,138,92,163,92,49,58,63,22,75,118,180,249,251
191,155,130,80,44,151,243,31,64,218,227,68,212,68,124,136,178
192,69,22,30,208,92,235,154,254,152,55,183,69,58,63,79,5
193,117,149,18,12,58,74,230,24,28,53,1,89,205,253,116,28
194,250,30,124,198,73,243,160,33,254,141,101,55,84,20,71,192
195,15,18,18,128,106,153,17,5,210,6,117,49,49,119,130,83
196,14,235,81,53,126,237,110,233,60,5,97,28,195,25,66,38
197,164,6,53,45,62,109,5,176,27,150,212,59,207,67,155,252
198,219,101,67,81,111,68,63,118,80,198,114,1,87,221,229,183
199,125,218,10,248,175,213,203,204,180,54,59,36,36,248,34,146
200,156,13,143,47,27,223,115,138,51,32,118,185,111,22,40,94
201,73,88,98,232,104,85,73,116,47,56,221,95,110,238,96,164
202,188,105,58,176,92,95,65,21,146,51,60,173,173,202,70,175
203,128,31,81,185,163,20,120,135,68,216,172,105,133,160,13,192
204,102,31,249,100,121,226,146,10,221,210,36,61,17,143,253,22
205,67,6,16,167,158,199,21,154,200,195,16,233,103,107,116,122
206,213,64,66,222,146,183,158,250,63,61,14,55,16,104,174,102
207,59,232,89,244,24,221,72,215,192,164,41,31,238,44,168,33
208,232,55,250,254,94,154,193,240,243,36,11,228,22,192,209,71
209,254,97,149,152,109,98,196,120,25,59,22,41,66,55,88,151
210,115,240,91,180,176,230,9,23,124,122,89,41,248,0,72,22
211,112,246,139,172,176,35,223,58,126,137,199,165,111,48,192,199
212,209,166,117,179,90,72,249,161,57,143,48,58,220,71,4,155
213,169,43,229,13,107,142,40,85,209,129,218,25,183,58,38,73
214,60,218,233,155,217,108,11,116,228,0,200,105,13,185,136,53
215,216,3,41,170,90,205,239,128,197,204,249,194,13,11,126,166
216,98,4,55,21,82,41,103,31,102,236,58,136,68,239,195,216
217,170,112,149,21,205,165,79,116,26,22,79,37,74,87,157,193
218,185,95,77,109,99,170,84,141,152,249,154,85,220,0,197,130
219,180,51,106,187,10,135,36,119,243,106,117,6,136,27,139,234
220,25,118,168,23,70,19,226,6,89,166,231,142,127,173,198,134
221,88,159,25,91,69,103,137,103,218,27,120,42,53,68,110,15
222,22,204,177,172,190,34,80,239,143,110,59,12,194,40,19,73
223,173,212,224,44,177,204,68,215,214,185,93,111,88,51,133,150
224,151,59,184,223,96,81,162,207,130,46,200,117,41,239,72,215
225,237,225,71,60,22,160,173,157,47,149,178,190,132,159,201,90
226,47,129,26,228,160,240,253,29,31,97,29,9,40,86,101,234
227,223,84,19,130,126,55,148,119,75,75,169,75,248,80,161,81
228,193,113,19,205,60,194,47,78,147,167,53,254,144,26,69,205
229,193,183,20,38,117,26,152,47,46,232,57,175,122,65,42,83
230,209,93,182,91,110,142,251,171,208,21,206,244,237,162,227,164
231,56,123,102,122,82,12,125,187,30,11,205,89,93,143,162,133
232,45,33,144,198,115,54,152,109,108,218,136,251,82,81,251,162
233,188,207,150,50,30,201,248,244,225,161,244,201,54,214,98,240
234,67,102,112,250,230,200,230,156,103,167,81,179,30,125,137,152
235,9,229,50,65,124,9,114,64,37,163,164,49,196,95,251,180
236,198,136,223,195,101,10,231,51,77,106,148,252,39,125,156,113
237,15,32,67,254,50,56,75,206,131,111,123,216,142,178,229,100
238,11,178,187,121,13,4,229,8,57,217,183,192,228,88,4,17
239,224,185,43,239,181,114,15,206,164,27,148,229,170,253,69,11
240,175,160,126,151,67,7,215,253,64,64,93,74,247,144,86,25
241,39,66,116,205,79,54,39,54,5,105,94,236,57,228,87,80
242,246,145,169,204,82,180,129,242,179,40,246,187,185,135,206,14
243,154,166,255,68,86,92,131,133,228,184,253,226,20,35,228,65
244,111,231,227,255,88,125,197,255,202,63,19,17,41,8,134,105
245,234,7,35,220,237,195,188,17,196,142,179,217,43,143,88,67
246,91,244,52,203,1,30,184,111,44,26,5,63,217,101,137,7
247,189,23,51,162,218,63,48,81,23,36,216,24,17,254,245,168
248,82,110,243,235,152,162,230,5,217,55,70,222,59,185,58,132
249,35,84,234,0,242,64,152,187,140,135,213,2,61,123,144,106
250,166,26,213,32,230,82,83,1,244,212,45,242,245,191,155,244
251,13,179,71,74,142,190,147,148,116,199,169,89,122,103,124,135
252,17,27,172,9,100,48,186,112,241,17,98,71,142,208,232,136
253,67,61,72,131,149,217,173,88,214,168,119,82,9,237,251,139
254,26,118,77,113,59,103,122,56,160,226,168,219,36,115,13,148
255,97,16,23,212,149,185,99,23,149,110,159,254,245,85,209,177
256,188,57,26,145,152,63,197,118,155,70,101,230,125,22,113,121
257,79,89,28,60,113,49,149,99,69,45,226,136,18,186,116,59
258,216,218,189,202,209,0,133,145,151,84,119,243,24,89,164,247
259,188,175,119,238,28,150,252,58,21,42,3,202,57,148,72,93
260,217,59,133,80,214,101,122,162,19,142,215,139,170,123,88,100
261,27,98,104,237,228,86,20,125,101,197,132,181,36,162,132,87
262,39,223,242,76,122,255,19,148,230,6,122,252,140,102,63,68
263,160,53,23,85,212,209,254,100,113,115,219,15,141,183,32,56
264,209,203,226,243,11,21,122,146,55,206,6,173,151,213,62,202
265,191,8,80,221,164,230,222,125,168,72,184,3,243,220,108,185
266,250,145,243,20,182,137,96,53,73,52,199,144,249,20,117,189
267,168,230,159,15,179,200,50,174,33,134,212,14,144,82,177,198
268,145,14,129,148,65,54,0,248,180,79,120,31,115,231,164,66
269,75,14,92,178,160,131,157,190,168,192,201,180,4,243,116,46
270,181,82,215,106,152,67,214,114,121,80,69,118,138,4,107,10
271,89,90,23,235,231,202,178,218,251,8,109,155,50,108,211,240
272,116,51,2,130,163,5,153,214,118,44,169,0,46,172,223,102
273,194,161,247,144,21,123,50,175,158,168,65,105,201,216,116,179
274,52,13,210,39,245,204,226,52,191,11,130,54,75,229,249,192
275,61,123,125,55,17,98,71,121,209,234,91,4,0,53,145,224
276,105,54,128,79,201,52,24,2,85,4,0,246,204,209,93,248
277,75,245,48,112,235,185,57,162,42,109,107,163,6,55,161,229
278,15,149,131,105,206,123,9,107,191,171,204,236,153,155,254,39
279,57,185,175,190,198,230,21,97,77,134,52,48,160,251,16,23
280,87,238,5,26,69,66,201,224,2,233,8,151,246,134,25,71
281,171,25,184,189,77,241,211,221,72,47,32,134,118,16,155,191
282,37,86,138,115,246,94,60,112,131,158,138,90,222,159,3,64
283,32,139,133,2,63,65,118,90,14,1,85,2,150,98,188,198
284,195,85,56,26,105,26,230,102,57,150,234,38,204,124,92,218
285,251,20,37,48,133,12,162,229,147,193,206,224,165,132,183,140
286,94,57,82,227,0,121,108,165,209,70,211,60,119,170,17,18
287,139,31,50,187,92,7,40,12,11,239,12,255,68,211,184,97
288,187,15,80,106,84,244,77,87,43,219,33,126,249,43,186,86
289,154,61,114,235,21,215,19,19,197,238,191,104,29,245,143,34
290,180,209,40,22,106,60,94,81,180,16,71,219,239,152,212,40
291,241,90,231,140,219,187,169,50,46,49,3,51,46,57,133,124
292,246,56,63,22,58,109,113,199,46,83,120,75,3,91,76,162
293,106,213,190,212,21,240,226,93,111,248,161,66,190,82,200,85
294,120,195,131,214,3,73,193,193,74,191,38,227,110,140,240,97
295,250,15,177,2,209,94,224,5,50,25,224,76,127,240,241,219
296,62,103,41,97,242,232,143,213,174,82,60,123,225,228,43,83
297,65,222,75,46,198,243,217,107,255,88,81,195,105,178,36,180
298,214,109,157,68,153,106,127,168,213,3,172,112,107,85,164,242
299,24,119,154,208,100,66,0,237,196,201,54,7,195,253,70,211
300,22,252,16,87,187,39,38,175,86,23,187,241,200,184,48,83
301,161,56,195,121,116,229,221,226,247,194,224,119,220,38,205,122
302,160,211,60,6,227,213,86,189,7,72,163,104,160,25,162,175
303,91,237,8,71,202,15,173,113,221,214,168,205,243,131,174,215
304,159,169,196,145,78,48,164,205,131,61,245,120,65,37,238,194
305,175,247,178,137,139,229,42,246,111,99,223,93,215,208,222,202
306,81,198,199,177,169,161,166,155,145,198,66,10,58,49,43,148
307,137,230,97,22,125,20,93,101,100,39,84,153,176,120,234,85
308,192,57,21,70,29,95,99,117,238,110,154,248,122,92,237,38
309,103,254,76,227,242,25,219,55,214,101,225,116,126,56,50,38
310,84,77,148,112,47,140,139,224,243,212,65,196,77,85,113,136
311,115,40,229,64,186,215,2,90,12,24,122,25,200,156,53,207
312,139,154,68,150,234,208,214,118,159,83,64,233,217,54,42,204
313,21,213,105,88,170,216,175,163,232,176,75,116,251,225,115,34
314,138,81,120,246,226,243,46,141,134,120,49,66,132,1,41,104
315,142,71,213,91,56,220,233,77,111,221,98,19,249,171,117,45
316,225,40,175,17,134,241,1,40,23,196,219,3,206,56,209,114
317,11,202,201,226,160,24,11,243,245,234,88,217,95,30,95,95
318,18,129,153,165,63,15,91,163,206,57,23,199,24,22,114,75
319,196,92,207,10,36,185,225,151,111,32,138,10,243,211,167,85
320,93,50,198,134,227,102,44,173,192,59,119,54,227,219,55,44
321,147,65,144,188,208,32,64,43,90,185,95,36,201,40,91,195
322,75,129,126,252,252,117,83,4,8,49,66,188,252,194,235,15
323,143,255,110,183,91,94,157,27,212,225,10,28,152,109,138,9
324,121,201,59,12,91,37,215,113,155,133,45,217,19,12,26,142
325,43,82,9,191,150,110,15,103,66,67,97,92,193,114,60,236
326,33,80,92,61,122,210,226,146,246,93,101,133,83,167,15,25
327,79,128,45,144,229,165,91,181,42,158,59,42,130,236,140,244
328,239,198,110,79,57,208,240,228,48,179,94,34,88,249,30,19
329,249,163,167,253,83,233,107,241,161,241,206,212,224,63,83,235
330,139,243,171,97,99,232,182,144,239,46,238,146,35,62,213,96
331,220,95,134,195,174,29,200,236,223,172,163,58,192,25,245,9
332,105,18,32,26,136,87,70,129,186,76,43,211,126,14,130,194
333,127,128,67,156,60,78,130,135,118,113,139,44,175,120,188,60
334,89,90,244,58,162,202,234,62,46,91,157,183,70,122,138,181
335,96,9,81,247,126,27,32,221,162,224,28,26,222,130,86,25
336,92,50,100,37,23,211,59,6,149,188,44,51,54,66,38,23
337,149,50,156,243,127,220,251,242,70,243,63,152,204,193,230,247
338,52,144,224,228,128,94,231,185,93,243,96,187,153,178,237,72
339,110,204,103,8,58,4,153,110,255,104,59,65,37,53,50,166
340,57,14,208,27,200,162,190,248,238,7,104,62,107,149,193,40
341,157,156,28,228,147,66,129,209,221,176,216,95,75,203,100,80
342,234,32,138,111,25,19,109,28,102,172,104,44,117,196,140,115
343,85,22,127,3,87,219,2,187,64,244,250,246,26,174,236,255
344,202,254,232,234,26,199,121,96,176,187,145,26,206,219,93,17
345,249,19,208,117,219,201,128,170,76,165,85,159,86,240,244,70
346,239,188,15,201,0,229,238,222,129,119,131,115,91,123,94,188
347,185,234,80,95,154,14,170,200,138,20,159,179,71,22,243,148
348,223,13,213,75,239,132,74,202,180,31,119,200,174,189,25,150
349,194,119,177,174,122,200,50,56,35,156,206,84,18,1,210,162
350,38,46,94,235,43,149,32,114,131,79,179,40,234,49,164,30
351,102,152,242,125,13,133,128,107,60,215,227,197,54,176,48,146
352,49,136,81,146,156,60,244,135,44,167,196,27,7,3,30,14
353,193,138,30,181,114,76,217,250,246,99,186,151,194,97,61,40
354,231,121,72,66,31,45,208,37,105,75,5,164,17,186,2,149
355,106,189,124,94,62,237,127,130,140,176,95,48,185,144,174,178
356,136,198,217,178,46,137,21,41,84,163,240,230,213,20,223,135
357,158,142,159,39,250,5,77,7,21,89,121,33,39,84,73,16
358,70,70,209,94,85,179,251,63,40,241,176,211,127,131,218,222
359,106,117,231,162,181,70,75,92,102,149,47,214,105,148,139,91
360,36,45,26,143,248,161,89,68,97,48,130,116,167,191,150,49
361,94,26,230,180,28,119,186,20,144,38,30,20,34,157,231,191
362,150,142,192,216,235,49,26,96,191,195,98,74,86,252,235,132
363,56,217,45,191,178,179,25,109,137,98,220,214,104,149,31,237
364,96,130,168,134,92,240,240,109,171,108,124,59,112,61,254,2
365,21,54,11,250,140,100,165,205,110,191,117,247,153,75,52,188
366,53,131,110,132,139,234,192,33,126,21,228,155,31,60,44,34
367,167,182,168,130,38,129,209,59,232,119,134,50,103,223,110,101
368,155,109,231,56,214,241,67,121,33,228,30,202,156,123,82,160
369,222,178,18,161,197,123,52,95,52,170,75,254,149,209,4,235
370,139,182,215,212,147,222,102,242,154,28,233,226,251,230,234,239
371,164,134,178,198,235,122,117,139,71,158,74,177,227,228,209,42
372,90,69,65,151,66,85,226,253,240,72,216,2,93,155,133,132
373,14,193,167,183,96,68,173,70,156,124,247,138,170,95,175,255
374,87,132,237,139,132,130,133,60,248,61,45,161,22,76,31,133
375,143,172,138,113,66,112,195,215,23,40,235,1,172,50,226,40
376,181,23,144,48,111,86,192,11,122,90,133,135,68,186,196,102
377,176,210,32,71,179,77,62,97,151,155,34,241,148,113,30,53
378,48,191,35,164,169,190,230,189,63,163,200,204,87,215,22,228
379,200,232,111,173,139,11,25,246,152,81,189,28,164,172,169,43
380,247,242,214,182,222,90,164,52,125,32,226,116,12,248,43,227
381,53,168,190,59,166,155,2,61,137,64,209,124,27,168,20,72
382,80,149,65,125,0,46,57,40,34,14,202,32,84,174,65,188
383,145,23,2,103,62,213,157,16,52,224,197,237,195,246,10,110
384,135,110,39,207,216,209,221,198,133,88,72,78,179,185,202,98
385,112,182,43,113,210,81,63,168,204,184,171,173,55,224,190,174
386,149,187,116,68,106,155,233,5,241,227,16,181,134,150,87,246
387,26,38,229,7,40,136,155,202,31,6,45,46,88,55,108,123
388,14,119,218,28,174,77,54,76,152,35,160,52,200,45,216,61
389,199,180,59,26,215,163,242,123,102,229,129,194,112,129,123,8
390,205,212,157,163,15,186,48,209,100,126,97,210,184,27,179,120
391,222,81,161,109,230,155,48,183,54,134,227,145,140,2,173,61
392,223,85,255,136,73,230,42,75,39,253,160,89,254,23,56,40
393,175,124,238,84,250,0,143,175,16,253,25,119,129,26,240,223
394,54,31,225,169,12,42,104,91,175,198,193,0,186,245,236,46
395,54,150,188,44,153,17,40,9,26,15,131,32,37,146,71,86
396,152,244,5,210,245,209,92,68,57,233,67,176,1,204,45,217
397,90,34,175,5,251,128,6,170,110,146,50,12,58,50,74,153
398,75,91,123,245,91,176,165,100,202,248,12,92,84,172,179,81
399,47,116,36,4,234,130,40,125,146,224,133,223,134,64,192,189
400,14,113,182,86,102,65,68,242,222,231,125,231,130,127,94,238
401,183,76,210,247,53,145,7,203,143,204,210,133,163,93,209,175
402,197,242,204,37,254,180,135,130,4,192,206,44,122,125,240,238
403,165,224,200,159,58,111,13,138,40,172,156,179,245,52,85,141
404,113,225,93,26,7,132,44,202,214,161,55,145,145,195,13,21
405,162,207,90,50,243,230,136,63,175,237,200,48,94,149,181,39
406,226,102,168,123,109,1,74,55,206,133,92,177,186,130,31,174
407,145,130,122,140,35,199,148,213,5,182,102,131,24,93,233,35
408,177,88,62,27,132,95,93,184,134,94,135,161,42,80,148,115
409,89,130,243,153,12,161,133,12,47,19,121,103,72,204,20,73
410,239,243,235,208,56,189,33,90,205,250,41,61,242,19,234,219
411,168,43,18,120,51,186,62,218,19,53,81,156,188,166,45,113
412,38,56,64,215,144,171,151,33,36,51,37,27,8,10,35,74
413,58,94,54,197,190,195,11,98,215,56,230,144,93,194,77,151
414,9,127,71,184,250,172,200,174,33,242,98,130,64,112,5,170
415,41,144,202,172,223,199,113,225,89,248,195,84,212,105,14,151
416,118,179,226,20,244,53,195,33,37,119,40,4,185,67,187,228
417,176,210,40,30,201,217,117,43,83,117,244,105,219,27,136,6
418,40,190,82,241,125,170,83,199,254,114,198,39,54,162,76,194
419,251,65,226,200,197,3,223,40,153,66,131,235,192,42,99,186
420,186,156,104,244,216,215,235,10,232,110,252,156,238,70,107,181
421,112,96,250,56,199,232,245,215,245,129,247,129,159,181,132,112
422,96,161,219,17,38,104,76,38,111,254,186,156,74,162,32,1
423,254,231,125,188,34,173,44,87,46,237,98,179,199,132,214,27
424,230,106,78,54,75,218,105,36,172,64,153,201,17,22,204,200
425,235,116,11,112,197,155,87,112,171,115,118,3,207,57,164,83
426,110,249,120,104,163,107,254,154,110,44,167,46,140,193,2,133
427,162,184,196,6,141,249,205,43,47,207,34,111,226,102,20,112
428,111,131,247,204,16,141,96,172,183,42,252,209,18,118,188,97
429,6,126,37,195,36,175,5,228,69,196,56,181,182,246,56,194
430,119,101,83,54,207,73,14,220,42,121,144,88,146,70,108,244
431,192,51,69,43,244,25,49,105,196,85,157,249,185,130,54,119
432,47,200,157,157,167,43,110,18,200,233,226,73,126,47,93,231
433,19,75,2,236,171,162,75,153,242,145,134,59,234,243,12,157
434,22,120,64,16,225,37,80,116,156,85,230,88,178,93,244,0
435,174,27,146,116,208,147,34,11,206,105,50,35,230,9,110,209
436,141,91,127,149,152,240,161,123,195,116,186,76,204,149,77,11
437,2,158,6,193,231,162,219,57,250,25,186,160,170,66,54,13
438,153,36,11,139,212,108,217,212,81,118,167,0,111,51,164,50
439,148,170,37,231,167,197,109,175,191,147,102,221,122,152,246,27
440,230,169,86,240,251,121,168,126,161,232,231,235,247,74,39,47
441,217,11,69,201,194,180,148,195,191,130,4,16,134,156,28,52
442,145,102,4,43,16,212,82,182,122,107,181,205,42,97,150,239
443,6,18,124,134,191,184,194,73,187,85,212,149,187,117,55,61
444,45,180,4,195,69,101,77,35,159,183,44,225,73,71,61,14
445,109,13,194,29,96,40,130,217,255,215,114,229,62,49,200,43
446,144,39,215,141,91,153,145,194,57,106,103,54,28,144,208,193
447,213,47,123,198,30,45,219,14,243,212,81,221,40,255,58,12
448,215,155,128,203,83,45,38,35,169,34,111,136,112,30,148,161
449,85,99,235,127,54,65,37,81,73,76,57,225,227,188,109,54
450,53,110,151,205,248,250,104,99,50,102,109,67,127,92,101,220
451,45,136,14,77,194,232,223,167,73,180,83,76,191,101,84,25
452,253,102,12,116,175,66,136,106,12,224,172,9,208,128,31,74
453,35,166,95,183,103,39,245,3,197,191,59,185,59,223,56,57
454,110,198,15,59,29,243,190,241,84,91,222,93,5,125,204,230
455,226,129,5,238,24,61,8,159,41,58,156,163,121,158,12,203
456,197,13,161,40,32,110,190,208,96,22,45,212,24,4,62,53
457,215,36,235,47,94,16,38,216,45,117,212,212,101,176,92,118
458,4,229,83,61,149,65,222,9,239,226,149,101,139,42,123,1
459,15,215,58,223,190,224,132,17,169,176,35,47,15,153,82,185
460,8,190,163,214,113,109,124,31,188,135,5,77,14,42,123,8
461,152,250,202,205,166,176,170,25,11,34,223,78,182,149,92,124
462,89,151,144,128,173,153,18,47,249,2,203,2,9,190,203,12
463,227,91,235,59,116,241,157,152,233,2,56,112,255,181,225,60
464,56,111,204,195,125,206,146,78,31,3,198,197,167,161,130,194
465,168,107,39,14,6,230,123,0,58,36,253,63,226,86,152,101
466,118,234,28,98,95,41,111,172,166,65,232,59,197,158,14,49
467,194,234,96,186,95,72,26,129,174,162,240,244,201,120,241,75
468,132,159,98,144,119,12,228,255,31,26,121,171,88,205,95,233
469,157,123,222,98,221,166,24,134,162,10,33,59,89,113,26,74
470,76,147,200,154,188,82,242,174,45,247,166,68,197,94,233,170
471,146,166,198,171,125,3,230,52,65,169,206,131,116,127,33,141
472,66,99,163,135,120,240,154,69,219,13,217,255,165,140,253,234
473,213,199,120,199,182,44,79,113,56,80,85,19,234,180,164,249
474,62,153,109,41,149,169,205,169,221,220,94,147,130,38,250,197
475,86,108,84,50,96,84,243,235,146,56,166,126,83,188,165,185
476,147,175,120,40,68,42,150,155,38,1,200,4,249,59,222,200
477,45,159,111,166,43,100,64,168,57,100,195,224,168,12,245,242
478,229,62,191,128,103,50,254,243,104,218,168,56,219,89,169,48
479,2,150,168,194,45,142,94,155,142,26,202,130,2,224,177,33
480,72,222,101,242,89,47,40,42,244,108,9,54,178,249,28,254
481,247,95,174,234,249,155,156,188,172,228,1,62,11,160,96,150
482,22,42,92,238,131,221,38,164,115,33,50,104,68,119,77,125
483,148,234,105,215,208,115,209,38,197,162,115,76,170,26,38,150
484,13,124,182,111,57,91,5,67,13,203,57,124,120,50,159,166
485,50,10,80,96,91,105,51,187,32,35,146,213,80,34,144,166
486,43,208,28,76,122,69,152,184,99,118,213,86,60,69,131,235
487,105,219,38,244,123,189,46,202,66,209,99,223,133,7,124,118
488,202,82,243,128,239,71,117,34,246,142,4,155,205,95,159,230
489,253,32,160,78,167,224,176,62,168,231,179,23,30,105,150,244
490,132,29,163,229,199,171,177,106,106,196,239,71,252,50,203,110
491,208,255,119,219,93,241,108,207,175,180,213,226,161,234,241,6
492,76,168,143,229,223,107,206,235,36,79,161,233,222,11,96,144
493,79,185,91,83,37,251,159,185,24,109,102,74,102,63,56,96
494,83,92,47,163,186,54,108,216,216,238,254,224,109,250,104,241
495,230,197,92,12,159,106,192,121,174,7,160,69,221,29,245,11
496,42,216,216,15,206,251,37,236,103,64,138,65,155,30,39,13
497,238,223,47,125,43,71,181,11,138,167,177,198,138,126,122,10
498,161,99,170,125,160,109,52,222,170,225,116,191,86,141,119,228
499,167,120,226,124,155,165,253,52,123,20,160,41,49,203,213,161
500,237,13,39,36,46,3,65,24,152,219,111,54,0,91,129,133
501,165,37,122,169,120,212,81,75,19,192,50,119,183,95,109,204
502,143,249,248,29,47,246,250,55,82,226,208,72,210,55,79,1
503,73,108,250,149,90,206,62,7,201,214,98,251,45,229,168,79
504,117,86,82,77,163,194,210,202,138,216,118,135,178,44,182,69
505,184,132,78,26,205,96,62,216,202,220,220,168,144,21,56,242
506,228,131,139,206,48,149,138,221,206,37,251,191,255,253,27,82
507,207,129,165,108,76,146,196,63,224,91,6,223,188,82,121,97
508,159,230,88,68,212,77,228,195,54,89,174,208,199,160,140,100
509,157,111,174,89,199,199,191,170,0,27,9,254,10,158,105,47
510,206,233,47,170,104,102,28,167,240,152,216,152,242,77,184,118
511,222,215,72,66,65,37,31,96,249,100,109,78,39,108,185,127
512,44,166,87,26,113,105,146,103,43,93,199,127,223,184,62,175
513,242,50,14,74,249,171,203,224,193,214,185,191,146,215,123,213
514,234,195,30,0,197,91,46,42,236,249,36,8,236,219,208,48
515,218,202,87,57,167,149,145,86,227,69,158,252,86,173,228,133
516,230,248,185,72,127,165,254,66,57,115,16,7,118,230,187,205
517,178,134,23,143,73,104,148,140,147,38,36,85,108,216,168,78
518,139,193,77,1,198,251,144,212,44,36,139,221,198,200,56,38
519,50,40,47,85,1,84,175,227,218,10,110,250,84,170,115,152
520,8,194,163,245,226,190,127,192,100,171,166,84,112,214,35,167
521,169,111,162,28,134,60,79,203,112,161,121,17,89,130,243,210
522,60,83,0,175,37,94,192,81,89,167,254,141,167,12,136,237
523,0,175,55,179,163,9,75,76,168,211,108,26,15,73,4,126
524,228,185,169,131,37,55,30,50,14,196,247,126,245,113,130,15
525,50,80,253,22,71,183,50,9,10,91,238,46,118,89,113,91
526,142,147,148,1,195,107,123,39,169,145,79,140,247,20,252,78
527,217,192,66,8,170,153,147,76,5,122,5,145,92,49,203,55
528,200,232,186,93,136,57,65,11,104,162,112,184,121,36,202,168
529,37,74,104,238,0,101,189,153,70,44,2,22,97,150,221,227
530,22,111,152,85,208,83,145,148,115,131,9,222,144,172,144,207
531,231,95,46,88,59,116,121,66,50,116,238,220,56,131,57,210
532,37,122,85,0,72,174,166,94,29,249,124,140,23,100,20,12
533,17,208,216,189,98,194,60,130,251,44,9,225,150,127,92,213
534,187,18,21,26,57,82,249,178,246,5,133,235,47,36,89,122
535,61,104,197,244,247,40,85,159,219,237,203,226,76,205,236,134
536,244,195,244,68,41,162,148,160,70,70,186,69,30,116,26,52
537,178,132,242,219,239,94,141,139,238,118,243,29,26,250,142,201
538,52,141,36,182,77,168,39,209,107,19,69,146,42,180,33,225
539,108,9,221,182,186,41,202,148,48,47,27,88,174,68,217,7
540,95,139,192,235,67,218,79,166,146,249,118,169,227,105,241,33
541,166,80,85,193,218,83,34,142,21,43,86,206,86,101,219,120
542,213,192,187,185,172,218,158,24,85,240,141,122,93,32,74,107
543,94,123,183,122,147,222,235,8,73,66,91,100,226,52,187,33
544,167,148,129,106,8,185,208,226,184,237,95,232,217,114,9,192
545,102,188,14,30,31,236,69,5,16,177,178,181,58,167,249,243
546,147,130,189,66,110,46,198,104,10,55,54,171,98,161,225,214
547,104,254,161,219,255,242,157,190,194,203,114,126,31,181,189,140
548,68,103,204,248,145,86,179,232,36,18,131,211,220,90,103,19
549,121,137,99,54,217,150,161,220,236,53,255,206,164,139,194,30
550,73,14,79,173,145,102,1,116,136,45,207,90,254,7,0,1
551,161,12,213,43,100,223,61,203,150,47,89,153,208,166,100,2
552,86,90,117,210,40,224,114,38,229,101,131,75,198,78,34,152
553,237,142,204,123,230,11,1,125,30,109,112,24,252,78,55,100
554,64,169,97,127,157,193,251,38,124,81,237,2,214,31,107,244
555,123,218,156,180,201,186,135,67,67,245,1,128,85,221,195,156
556,65,219,64,204,17,52,212,233,221,29,16,248,69,230,30,240
557,11,203,55,108,184,193,85,33,194,151,126,147,27,123,210,173
558,244,141,133,144,150,53,68,61,149,46,199,179,98,90,104,36
559,147,13,169,47,210,69,178,40,35,100,125,125,8,158,221,100
560,154,249,207,30,152,192,164,153,45,28,159,58,232,101,11,199
561,78,198,135,169,114,148,248,94,26,189,48,139,108,253,15,156
562,27,15,250,117,31,239,31,44,19,109,14,171,30,174,221,252
563,209,178,191,126,251,53,222,154,16,104,106,58,123,80,91,45
564,75,45,212,102,85,160,165,58,227,165,99,93,114,63,159,251
565,155,35,86,88,69,185,54,249,76,54,164,20,75,117,58,252
566,236,14,0,45,233,15,155,55,144,35,6,33,250,194,175,167
567,179,122,141,173,16,198,177,69,59,178,151,231,1,114,113,173
568,247,98,127,255,187,246,197,43,236,71,133,12,111,227,18,3
569,180,127,241,184,9,229,11,242,94,100,212,208,175,206,124,129
570,162,150,102,14,93,163,228,214,21,104,221,96,18,75,90,18
571,237,50,208,39,232,133,63,17,81,23,237,155,104,209,14,209
572,166,66,51,131,226,141,146,35,62,19,157,5,6,186,221,149
573,242,133,156,255,20,192,43,213,122,185,162,244,1,21,38,185
574,71,207,91,236,131,232,215,83,98,33,66,23,154,186,208,54
575,57,126,179,53,97,92,46,19,213,55,154,246,2,254,70,88
576,163,188,113,156,143,179,240,117,73,12,105,11,6,115,177,144
577,54,78,18,120,88,139,69,74,101,247,32,135,74,138,60,70
578,182,33,127,135,48,198,217,166,128,26,64,234,21,26,148,161
579,113,208,113,184,151,227,24,183,192,85,114,9,228,1,2,165
580,171,205,10,11,127,89,9,138,163,213,200,27,65,127,187,33
581,38,244,69,218,188,23,136,226,66,176,19,233,141,251,67,85
582,229,161,51,53,108,141,232,153,144,77,86,74,196,55,23,59
583,225,160,49,37,99,235,49,55,94,131,162,118,105,78,232,218
584,78,139,145,246,243,109,132,164,249,168,237,221,22,225,23,44
585,157,110,91,229,182,232,104,39,144,10,195,150,108,82,78,85
586,103,185,38,207,35,241,244,38,213,125,205,132,91,9,84,75
587,226,233,43,191,15,74,45,68,112,250,141,209,243,255,137,49
588,150,111,9,115,120,121,252,218,57,130,221,89,72,42,149,241
589,102,169,243,63,38,170,158,237,102,188,254,39,12,114,72,236
590,54,17,44,220,7,73,108,20,7,0,81,24,241,79,173,197
591,174,226,4,20,86,235,94,247,131,193,254,72,241,68,205,141
592,236,217,215,84,243,128,175,92,6,152,35,234,14,198,176,244
593,47,225,164,139,112,219,115,223,243,85,99,151,51,71,130,51
594,184,184,70,248,192,12,26,215,220,212,204,72,50,125,5,201
595,117,243,115,182,156,26,33,1,151,141,136,133,27,25,162,87
596,68,227,241,46,234,28,116,236,98,6,204,112,105,121,203,39
597,194,59,186,202,211,184,62,80,60,183,230,197,176,28,127,41
598,3,143,250,135,85,141,49,179,222,241,122,240,212,223,29,114
599,183,243,28,56,101,17,123,26,246,224,54,206,251,63,226,148
600,124,94,78,169,14,217,240,164,157,194,154,197,176,44,173,78
601,119,157,58,241,12,107,44,72,26,221,158,57,247,50,254,107
602,104,239,223,153,213,251,167,21,112,214,67,149,72,250,52,215
603,212,158,181,105,23,198,2,175,87,109,108,109,172,108,133,57
604,6,38,151,10,6,215,13,240,132,203,131,112,103,238,65,167
605,240,200,33,199,37,119,67,215,119,219,203,38,7,148,75,48
606,54,150,108,24,67,155,194,56,36,95,86,186,171,56,222,86
607,235,80,98,206,236,246,252,212,56,184,20,78,218,197,12,199
608,207,165,25,253,124,160,167,206,208,156,99,150,82,58,141,209
609,10,178,230,254,151,105,166,159,207,29,26,173,141,45,198,119
610,190,206,13,53,191,70,244,255,68,210,254,117,247,199,34,27
611,231,255,88,96,49,117,202,113,129,248,5,233,8,143,44,30
612,97,159,242,161,96,76,135,81,209,220,248,48,193,125,242,245
613,23,29,52,147,163,193,26,168,236,236,53,97,68,28,178,136
614,161,214,110,18,239,40,234,27,163,52,184,63,124,194,217,229
615,220,112,191,132,192,188,134,177,96,55,172,93,19,41,185,153
616,80,57,129,212,122,219,148,92,97,82,25,125,43,218,164,43
617,82,114,243,100,233,32,201,110,230,43,133,11,151,74,67,164
618,76,141,16,170,172,189,226,98,172,217,147,9,137,151,69,16
619,155,183,204,73,184,177,236,178,100,179,242,219,238,61,214,95
620,217,70,27,189,48,209,73,164,13,18,47,182,248,48,109,35
621,149,220,130,13,70,184,72,46,95,94,62,170,134,64,229,0
622,199,89,23,3,237,12,65,116,173,51,192,145,101,169,243,216
623,134,234,40,223,122,187,124,118,226,130,101,69,172,55,95,0
624,206,202,246,152,144,25,104,235,136,242,235,255,154,96,162,11
625,82,156,57,5,237,246,219,120,3,228,164,188,197,58,205,253
626,183,83,87,145,235,37,98,155,104,230,112,240,128,54,210,231
627,171,28,139,89,224,10,220,14,142,113,162,17,189,250,148,73
628,185,203,93,192,158,26,236,135,86,56,67,159,218,209,101,183
629,200,167,43,246,192,113,247,253,71,127,150,185,33,129,197,154
630,165,173,172,235,149,225,176,229,223,26,233,115,227,127,148,22
631,22,155,161,162,188,39,130,15,90,36,253,111,114,214,10,93
632,67,84,28,253,217,27,69,26,190,144,164,109,109,53,29,8
633,117,126,34,93,236,23,8,159,99,17,86,223,32,249,51,50
634,131,95,131,172,47,220,248,135,102,8,223,172,227,42,69,119
635,105,98,38,188,140,191,147,58,152,124,103,169,191,188,208,11
636,219,194,55,13,9,222,193,147,242,56,110,136,199,144,53,147
637,213,69,230,96,193,153,119,189,151,158,142,48,229,253,110,112
638,118,11,174,166,70,180,252,124,236,208,13,195,22,233,46,156
639,179,213,73,57,121,181,11,116,83,50,151,201,63,181,227,102
640,155,75,209,111,72,123,76,112,130,115,174,73,42,124,24,138
641,79,33,181,236,209,28,234,201,162,142,158,182,82,112,65,131
642,217,46,114,74,214,133,73,100,143,133,13,12,128,96,235,31
643,132,189,75,248,146,105,29,237,239,190,117,123,114,149,211,155
644,112,199,103,111,78,129,90,58,12,61,17,116,251,173,107,223
645,114,205,10,16,67,34,203,15,135,49,30,8,103,21,190,157
646,130,129,218,82,178,166,75,162,100,134,113,220,12,70,201,103
647,69,127,95,32,66,74,219,147,11,116,191,49,68,242,181,11
648,126,189,54,115,248,82,34,71,36,55,34,176,85,186,140,177
649,104,116,154,152,116,183,14,205,133,121,171,9,236,35,72,162
650,77,166,69,176,53,170,161,189,141,8,23,151,55,208,101,178
651,207,147,205,89,11,159,26,195,153,231,241,132,205,87,77,158
652,199,168,243,131,20,189,15,183,136,223,189,54,215,31,76,237
653,173,203,150,232,206,227,49,121,91,1,238,243,73,24,223,38
654,222,21,57,183,35,152,176,255,125,232,201,7,9,83,133,90
655,63,66,78,74,132,154,147,54,65,140,113,218,81,190,121,95
656,19,129,182,22,107,226,120,180,137,250,202,197,187,131,238,60
657,5,108,39,26,226,83,131,89,193,79,226,146,177,211,171,160
658,169,61,109,133,221,108,122,81,146,194,12,238,66,42,53,93
659,13,154,174,84,145,159,75,46,254,152,244,71,137,64,224,79
660,22,139,45,29,13,72,141,242,193,74,55,215,37,61,95,37
661,179,107,53,84,195,73,168,75,42,80,95,203,128,230,202,226
662,57,244,34,176,196,209,175,97,218,60,66,218,208,218,38,36
663,101,174,174,138,219,215,54,235,250,33,38,180,29,12,219,128
664,209,89,13,78,217,62,149,109,247,127,44,19,184,26,184,117
665,237,51,99,102,162,197,91,217,194,31,225,96,221,44,94,210
666,180,30,171,50,230,35,4,251,36,154,250,55,124,121,70,141
667,183,7,35,242,143,249,27,85,177,133,149,61,108,158,166,106
668,66,25,191,177,70,123,87,104,87,102,134,0,102,99,244,234
669,151,157,79,167,164,248,118,134,170,0,145,242,158,159,213,95
670,163,150,69,147,232,168,198,169,81,143,141,165,230,83,157,45
671,149,101,85,249,83,89,182,238,73,3,214,215,140,51,196,130
672,63,29,84,105,114,244,219,176,218,93,143,249,129,31,242,21
673,52,76,19,15,0,237,52,96,120,169,139,68,106,106,120,188
674,248,86,32,83,50,13,174,151,224,78,243,136,170,207,110,221
675,194,178,160,55,133,51,32,1,54,164,241,53,140,124,183,18
676,166,164,177,190,103,255,81,21,247,0,246,96,18,158,172,133
677,32,67,6,144,88,120,182,202,243,188,107,192,27,68,55,208
678,84,228,180,151,85,40,247,174,186,221,223,220,224,147,140,123
679,143,65,87,98,178,63,116,16,21,86,5,232,249,152,225,82
680,190,227,4,110,171,174,81,47,142,31,6,17,103,55,184,44
681,2,191,188,180,84,98,198,144,23,141,15,56,94,255,179,246
682,142,248,79,22,186,240,175,242,69,161,22,74,195,234,253,248
683,106,65,223,142,82,116,173,132,204,82,52,195,156,68,182,186
684,222,80,112,51,3,111,72,90,29,238,34,23,232,82,1,10
685,136,82,70,119,122,216,220,54,74,32,165,235,153,100,143,238
686,119,102,232,64,137,189,78,38,174,54,3,120,169,107,209,153
687,188,124,19,166,193,30,208,158,231,185,200,130,126,87,41,159
688,84,39,2,141,132,228,45,246,39,116,120,154,38,174,197,13
689,90,58,178,100,74,23,99,131,229,109,240,197,12,64,248,23
690,227,71,41,172,213,198,138,168,122,124,150,162,53,221,66,131
691,249,77,229,41,121,41,80,161,54,121,158,165,46,110,85,10
692,138,57,219,213,217,4,121,231,229,62,253,26,49,227,208,65
693,77,255,202,237,153,91,60,85,233,225,208,232,50,193,115,229
694,237,99,201,195,3,218,106,144,85,233,88,102,199,90,13,129
695,248,217,58,38,145,169,174,73,173,108,205,158,59,234,107,200
696,111,241,165,127,207,121,87,82,54,80,164,219,40,40,248,48
697,226,67,25,8,42,8,132,175,1,28,12,108,98,8,231,154
698,127,220,19,170,123,99,156,19,27,29,196,221,50,185,18,8
699,141,140,15,113,110,175,97,116,127,188,143,42,1,33,222,203
700,26,159,67,173,31,60,26,160,203,86,215,158,11,90,219,144
701,242,229,37,13,136,28,149,6,196,246,90,94,184,252,238,58
702,24,19,186,111,139,159,5,28,44,173,225,235,169,46,44,131
703,88,204,213,41,198,82,250,18,129,126,102,252,160,210,207,186
704,179,255,190,243,122,111,243,185,149,23,47,144,206,64,220,33
705,174,86,244,203,33,218,79,210,42,190,166,13,46,99,93,198
706,210,210,236,115,150,31,157,49,249,58,22,211,245,52,81,217
707,227,248,21,105,216,253,135,88,196,155,139,156,71,223,186,206
708,150,8,122,106,206,127,226,136,119,35,106,127,173,17,91,224
709,203,48,201,234,159,185,152,96,85,189,155,132,5,54,17,178
710,166,188,158,23,122,131,123,143,206,195,73,11,231,174,237,47
711,243,159,78,73,224,250,56,44,119,237,142,138,177,61,99,226
712,188,237,161,244,213,130,236,180,46,198,167,79,186,55,52,98
713,3,19,38,129,134,140,33,219,135,246,109,82,101,54,253,155
714,246,235,28,164,65,123,46,140,232,46,47,81,10,81,125,249
715,31,249,22,24,221,70,66,211,255,159,69,165,235,45,253,210
716,98,110,216,205,224,207,144,167,133,59,220,169,179,89,124,134
717,195,190,14,244,8,248,110,161,100,39,220,142,63,192,116,62
718,81,226,222,120,3,254,82,49,186,36,236,248,148,68,107,57
719,169,159,122,213,127,150,5,231,93,212,240,203,82,176,159,12
720,235,91,44,83,221,221,121,198,192,26,142,242,20,153,125,85
721,38,101,128,15,37,25,20,206,110,12,130,22,111,228,185,179
722,123,181,147,116,22,204,95,32,133,27,229,130,152,8,47,10
723,145,137,159,239,106,169,111,124,201,127,165,188,219,59,232,109
724,11,99,67,16,163,100,117,245,75,11,203,125,102,33,240,46
725,38,78,61,97,2,116,67,14,201,221,90,21,32,188,197,222
726,176,110,118,162,119,42,195,174,30,168,223,112,123,160,163,101
727,236,65,159,60,172,212,162,153,140,144,244,64,142,173,242,83
728,41,25,206,11,127,183,165,83,171,184,96,254,213,226,123,39
729,26,168,197,214,134,34,135,172,48,19,133,200,107,252,89,46
730,46,186,217,36,116,225,53,70,0,21,78,86,165,239,169,43
731,126,97,176,54,121,208,213,224,39,73,211,137,79,136,119,247
732,11,61,56,76,250,97,248,61,165,251,83,61,255,160,111,188
733,102,166,151,148,49,62,204,225,59,103,86,125,61,203,72,141
734,249,210,249,95,148,118,68,6,154,43,247,46,113,102,255,108
735,137,74,124,118,37,200,123,132,168,233,194,210,221,94,69,3
736,181,73,148,173,230,3,216,138,181,84,156,11,12,46,191,177
737,115,213,179,21,54,148,166,97,219,21,151,218,119,217,3,156
738,224,161,15,99,198,172,52,157,223,75,194,234,98,225,94,234
739,235,29,200,110,91,161,169,112,80,137,57,76,20,144,228,108
740,149,56,210,227,167,113,35,10,183,150,25,114,247,253,67,60
741,230,185,90,133,219,139,209,45,22,90,22,95,82,177,101,38
742,201,51,156,155,199,66,10,109,16,185,212,75,150,210,217,230
743,110,246,81,103,158,144,179,191,108,60,76,54,111,58,134,133
744,231,142,42,200,190,18,95,74,213,218,204,43,40,217,47,105
745,21,165,12,89,13,84,246,164,8,57,102,39,254,80,194,222
746,48,89,253,181,206,234,231,235,205,47,231,240,115,165,118,36
747,98,101,236,187,254,223,25,100,118,115,148,74,206,112,49,89
748,90,164,209,233,147,119,41,140,185,179,79,81,69,245,209,197
749,192,210,205,44,60,89,177,203,32,121,241,239,135,253,48,78
750,241,149,58,206,118,143,151,58,99,177,229,171,159,99,10,50
751,114,37,232,79,18,0,164,31,113,158,87,89,114,174,46,67
752,249,46,231,78,126,63,242,12,248,152,141,84,65,44,142,67
753,3,188,159,220,118,229,214,229,158,233,53,87,247,88,18,21
754,79,65,22,222,233,203,104,15,90,154,185,22,49,153,87,241
755,186,23,173,79,54,214,209,166,139,11,242,49,69,144,178,195
756,80,9,167,136,22,48,235,127,193,157,189,43,177,133,29,98
757,143,185,70,227,195,23,240,59,84,225,86,102,183,180,235,91
758,57,251,96,98,72,166,62,203,69,242,113,98,33,126,106,92
759,31,124,156,43,2,70,111,27,248,9,128,195,90,198,205,149
760,209,62,215,252,179,151,63,206,203,97,152,200,93,0,4,154
761,33,209,75,244,186,12,11,50,160,255,224,77,51,172,99,136
762,206,78,130,72,89,151,231,223,204,251,143,112,252,86,50,141
763,225,108,50,207,6,1,136,183,15,73,194,129,173,74,147,12
764,125,81,121,110,63,224,133,25,132,61,206,205,18,145,84,251
765,53,220,52,213,98,79,184,147,171,47,212,105,187,247,150,61
766,41,151,83,27,109,189,175,107,254,2,164,31,213,27,96,7
767,119,146,98,32,195,148,128,186,173,128,71,5,42,212,140,165
768,200,199,188,200,64,124,114,244,128,186,198,123,184,109,166,28
769,0,214,13,121,69,129,75,32,236,231,235,138,165,124,162,137
770,98,54,37,108,142,93,52,26,222,118,38,225,122,93,131,61
771,161,35,63,185,230,178,128,155,208,71,215,244,235,146,93,224
772,191,240,43,46,29,247,210,234,37,62,143,235,159,140,86,60
773,163,122,34,96,210,75,103,97,225,171,34,113,176,171,113,100
774,212,237,25,129,231,161,122,66,50,51,141,143,226,108,99,85
775,193,24,208,227,195,199,20,119,118,60,23,30,188,25,185,88
776,112,240,30,64,175,86,185,54,156,0,30,124,18,109,255,174
777,165,29,5,44,240,140,190,179,13,203,129,152,167,13,197,98
778,170,149,168,58,110,147,67,69,143,22,168,126,227,187,159,56
779,108,166,61,209,13,189,21,190,186,100,116,229,221,157,134,24
780,145,10,105,174,5,184,248,201,251,55,192,137,46,32,58,125
781,164,198,198,129,220,194,21,152,60,107,37,50,64,32,135,171
782,157,252,126,68,207,93,156,50,170,205,50,203,35,131,136,206
783,73,251,38,31,210,17,200,39,53,205,75,225,6,105,79,54
784,97,38,78,250,116,48,208,133,184,142,216,92,238,132,150,85
785,80,134,125,30,69,185,139,70,252,187,134,113,68,101,79,55
786,254,23,128,127,153,196,185,159,230,235,178,249,73,176,59,143
787,32,52,69,135,182,28,68,220,153,111,80,189,167,141,239,167
788,213,158,172,140,220,229,234,189,85,211,212,97,131,214,218,170
789,159,19,2,58,162,121,26,118,91,129,253,6,233,187,53,61
790,254,103,34,170,162,229,3,202,31,55,142,188,115,252,4,71
791,50,149,83,226,107,160,25,232,146,74,57,97,105,218,125,85
792,250,68,111,246,53,106,135,244,78,233,103,154,225,107,121,32
793,69,160,244,29,207,115,94,114,233,211,149,232,126,242,216,244
794,48,162,246,80,183,52,113,253,188,60,98,13,225,92,243,24
795,210,8,35,94,109,153,48,234,227,205,161,81,245,20,118,124
796,157,172,67,134,91,99,248,222,73,249,0,79,150,191,87,46
797,103,249,243,252,229,240,152,105,244,29,8,82,69,159,177,128
798,83,157,124,241,131,185,24,38,252,29,157,130,240,162,187,204
799,54,207,3,254,251,68,242,2,196,114,56,85,241,103,45,59
800,48,184,128,10,21,91,76,159,128,229,131,6,215,181,192,11
801,149,215,36,21,88,185,242,248,7,99,17,13,154,51,152,49
802,87,118,48,111,187,140,3,188,131,166,86,222,70,100,207,81
803,147,130,96,82,82,117,171,0,130,163,35,86,70,30,118,112
804,241,93,93,227,95,230,78,71,117,245,63,178,216,28,166,212
805,253,127,241,11,78,10,4,254,167,188,236,239,84,81,149,248
806,163,255,225,186,135,146,71,218,42,154,101,226,71,29,192,136
807,111,72,161,118,40,26,47,211,90,216,170,134,161,152,143,203
808,80,175,96,72,248,251,176,150,220,206,43,43,91,119,27,239
809,227,152,10,126,57,187,151,167,81,25,38,157,101,95,235,29
810,152,96,56,184,46,125,82,163,13,73,188,102,200,153,211,74
811,59,79,75,71,100,18,192,60,153,252,30,192,53,123,83,42
812,151,43,14,218,40,148,133,246,204,158,90,220,129,2,18,183
813,88,68,160,234,181,177,171,193,187,70,160,146,192,97,100,54
814,97,10,145,114,253,6,134,219,217,94,253,168,252,147,228,173
815,37,132,97,229,26,50,44,182,253,10,1,46,188,45,158,43
816,204,61,219,104,205,138,242,192,43,144,181,184,224,245,87,97
817,46,123,238,192,159,137,186,69,80,41,214,96,122,12,222,98
818,236,217,5,129,118,108,10,205,88,241,86,222,173,162,126,143
819,49,143,2,105,198,153,57,173,78,242,113,44,188,132,0,9
820,220,11,90,253,166,177,36,183,93,126,242,114,210,10,203,37
821,49,164,241,194,110,132,60,43,238,67,112,52,43,24,20,186
822,60,128,188,182,181,50,222,101,68,215,149,15,172,85,58,89
823,142,12,75,229,196,56,68,234,65,185,204,105,9,194,168,173
824,255,128,174,44,216,57,132,201,51,224,207,231,8,66,228,161
825,154,107,109,158,209,184,110,119,230,114,254,153,145,217,177,17
826,233,51,129,9,30,26,49,145,81,57,132,34,129,162,89,12
827,47,0,119,154,12,163,39,62,146,216,155,77,132,197,139,11
828,93,147,57,155,192,71,43,13,24,254,135,219,95,239,101,135
829,200,224,44,201,135,121,81,136,58,246,11,124,113,22,148,224
830,229,141,139,193,70,99,244,227,126,91,125,48,95,132,161,131
831,156,154,62,120,43,28,96,123,101,225,186,152,33,124,217,181
832,248,207,143,205,247,211,150,4,130,97,139,228,238,240,96,127
833,54,204,126,155,124,11,244,168,24,170,94,107,189,23,100,135
834,136,190,148,223,30,72,173,107,160,183,72,27,86,227,122,251
835,15,36,120,214,126,225,109,152,229,93,190,75,38,162,160,182
836,205,33,163,46,158,201,156,23,155,135,126,165,90,63,107,78
837,174,75,249,171,28,138,244,220,157,141,135,33,243,2,86,193
838,210,241,38,205,90,187,141,218,52,74,47,96,198,187,74,221
839,194,65,251,111,172,185,124,42,31,240,163,200,176,172,192,164
840,64,220,57,95,234,98,157,88,53,208,103,56,106,177,32,65
841,196,166,123,102,248,26,67,243,207,129,163,65,191,107,61,89
842,242,244,42,70,34,100,198,224,107,36,85,41,16,124,16,196
843,143,104,187,156,98,194,68,12,36,184,172,53,116,3,19,254
844,190,6,150,192,236,195,255,124,245,178,45,235,215,253,220,210
845,137,107,104,240,150,87,41,210,225,73,105,91,223,46,213,35
846,12,38,189,129,244,220,27,204,122,61,83,161,138,181,66,195
847,190,150,44,211,73,126,48,85,101,241,146,32,194,122,218,189
848,164,223,112,59,157,218,217,35,193,40,80,45,95,3,180,144
849,131,202,43,61,145,253,142,9,168,207,110,51,68,127,80,54
850,66,155,58,160,212,45,182,107,37,130,15,136,174,247,232,237
851,29,79,225,90,69,31,195,127,79,209,234,97,198,252,105,47
852,104,172,31,83,39,123,239,79,113,104,224,194,22,77,186,69
853,226,39,247,105,244,215,118,157,100,162,175,66,119,67,32,93
854,245,139,146,86,182,142,64,38,146,43,207,4,144,249,248,29
855,92,211,110,76,236,22,57,223,48,175,204,65,11,139,22,13
856,251,191,12,104,112,190,224,40,185,205,179,56,251,217,114,93
857,246,252,199,88,209,238,207,27,182,183,91,119,53,162,7,212
858,81,244,210,215,36,94,47,99,81,70,152,184,143,254,245,252
859,155,152,132,206,66,224,108,77,79,99,189,216,61,111,95,212
860,114,191,97,74,226,156,159,250,93,16,226,155,201,25,146,145
861,231,235,157,144,26,246,107,228,226,111,215,61,89,225,95,60
862,15,138,254,255,45,103,92,35,178,142,197,19,69,124,200,73
863,71,4,86,139,178,16,252,23,75,228,215,181,44,173,95,89
864,237,53,252,255,123,204,36,114,153,179,125,100,8,63,254,200
865,170,28,4,83,194,248,78,191,77,211,10,189,249,116,170,214
866,125,221,26,194,141,85,221,226,75,124,218,232,188,255,221,98
867,42,103,55,115,74,163,175,50,189,43,49,190,12,188,114,161
868,187,83,156,209,16,223,99,35,211,182,133,177,96,187,0,70
869,55,211,207,249,16,67,41,167,58,21,229,100,202,82,92,243
870,197,193,125,211,23,118,16,181,205,147,162,59,224,78,127,6
871,199,48,122,176,50,134,21,163,20,88,133,83,251,122,39,252
872,192,252,84,151,220,161,124,63,138,134,38,180,44,5,206,11
873,1,74,26,144,62,153,39,219,202,86,41,162,193,141,232,181
874,113,252,95,144,96,184,246,173,15,245,134,90,49,212,120,99
875,238,107,148,231,106,104,114,52,177,13,30,182,192,99,103,87
876,31,15,56,68,74,177,54,153,128,48,42,107,76,163,58,128
877,170,206,138,179,80,153,234,44,55,165,112,239,248,39,12,252
878,51,41,175,49,169,230,198,112,93,55,37,47,177,64,232,87
879,146,122,123,177,195,198,218,98,73,18,248,168,207,3,232,216
880,27,240,82,172,252,98,171,229,46,209,185,144,55,104,184,94
881,249,18,206,165,49,112,213,141,88,61,118,15,206,38,93,166
882,235,231,28,46,11,35,191,31,5,108,40,208,32,110,98,252
883,221,10,69,85,24,54,158,138,129,57,49,81,138,175,211,176
884,65,82,204,151,24,218,69,54,108,73,73,203,76,1,150,209
885,21,205,92,178,11,195,139,225,88,12,163,150,72,234,20,1
886,236,62,105,237,220,171,61,111,40,122,99,85,99,139,78,109
887,140,81,10,197,201,249,230,91,206,123,172,95,197,118,180,56
888,207,61,103,6,212,104,234,190,102,41,220,41,104,180,120,228
889,244,146,118,194,227,222,185,14,188,111,207,169,185,192,27,133
890,135,75,254,174,97,203,17,13,197,172,37,237,64,123,124,206
891,127,132,5,217,118,195,160,131,145,90,248,111,134,92,164,68
892,85,93,36,193,59,41,118,203,195,231,119,206,177,108,21,37
893,23,231,102,58,115,36,19,73,154,54,77,1,155,189,87,200
894,200,40,181,181,176,38,15,59,9,127,213,45,72,123,8,145
895,149,146,243,202,248,204,158,160,118,133,127,170,8,201,183,189
896,161,133,60,33,59,225,109,11,25,80,217,230,179,245,51,143
897,125,162,4,22,65,181,160,163,28,231,50,49,188,204,52,186
898,133,21,239,180,226,41,230,177,222,186,200,166,16,13,116,2
899,188,30,176,238,157,29,249,111,19,183,229,172,255,67,167,116
900,227,125,75,31,240,26,239,7,154,54,115,219,168,139,231,174
901,221,128,110,67,0,99,56,223,61,58,225,40,151,9,117,23
902,162,226,223,121,119,207,53,184,185,185,91,182,159,21,2,10
903,78,181,32,176,160,25,187,59,200,216,185,167,26,95,194,64
904,18,6,192,152,42,127,238,227,0,99,163,198,16,151,8,8
905,23,254,15,59,35,218,77,123,197,224,205,244,251,82,62,34
906,149,152,31,215,3,158,222,143,165,0,73,160,33,68,83,55
907,161,74,70,207,228,82,190,137,216,95,87,198,192,252,18,78
908,147,43,145,223,60,123,159,94,189,203,41,38,129,186,246,200
909,239,115,220,226,189,16,236,3,140,127,133,195,236,33,94,156
910,44,99,123,212,26,222,152,7,150,14,70,218,219,189,65,4
911,226,239,168,218,239,141,210,14,203,244,21,205,26,178,208,191
912,34,196,41,134,5,25,50,19,105,253,226,205,186,17,144,156
913,254,106,215,158,150,241,3,159,244,248,254,44,199,157,222,250
914,150,184,8,16,118,32,199,98,244,109,213,161,92,246,254,98
915,41,206,243,230,38,24,36,217,15,80,165,3,81,139,11,122
916,244,63,151,105,54,26,196,243,112,210,188,27,247,184,112,230
917,240,58,204,180,138,77,227,225,169,228,22,171,162,239,207,218
918,171,197,110,115,102,241,142,115,107,5,97,210,239,227,111,123
919,207,98,211,142,67,80,221,195,206,94,197,79,16,248,148,69
920,32,175,1,248,226,90,149,11,1,97,246,107,127,144,105,28
921,243,223,83,228,33,5,7,214,159,89,97,108,237,221,80,193
922,106,17,123,26,114,223,38,253,248,168,149,243,78,85,196,189
923,5,238,26,46,16,115,10,34,19,158,34,158,72,6,47,29
924,68,15,82,196,71,103,120,126,60,48,143,199,122,71,70,118
925,111,21,14,66,106,118,24,84,81,234,47,71,90,151,226,10
926,200,110,244,127,78,179,108,85,57,233,246,145,147,166,94,32
927,170,59,32,90,102,173,191,177,41,197,129,135,49,209,250,205
928,107,207,44,75,213,99,141,198,158,163,4,223,3,154,193,205
929,1,174,48,83,18,44,47,140,60,229,214,9,249,212,237,36
930,178,28,164,228,251,239,191,59,248,44,185,204,108,152,226,172
931,98,143,93,158,97,98,124,199,51,158,41,42,140,61,29,197
932,53,156,23,1,123,32,50,52,180,176,73,58,118,220,193,202
933,169,49,52,105,197,200,90,214,164,219,55,242,158,34,146,7
934,85,55,171,2,57,137,8,255,254,244,218,44,139,128,152,67
935,235,229,81,120,224,190,208,194,16,44,136,91,40,233,180,48
936,61,105,241,155,49,121,55,175,4,207,253,168,9,185,216,74
937,72,173,227,60,193,51,100,192,138,89,136,125,128,125,180,232
938,161,92,18,240,43,236,28,223,27,121,122,183,92,165,9,165
939,181,103,159,146,57,129,63,183,118,10,32,253,160,99,252,78
940,188,184,160,159,194,247,83,178,64,41,228,247,152,63,254,2
941,82,214,149,198,182,9,210,96,241,241,95,97,31,37,69,54
942,19,149,152,81,69,52,67,163,124,118,113,64,243,235,221,186
943,182,39,113,62,57,13,101,95,82,14,171,171,96,161,190,9
944,116,37,1,41,215,167,219,141,175,15,162,229,188,33,140,110
945,196,91,171,96,219,69,46,227,87,118,247,212,102,177,211,205
946,186,129,194,191,118,168,22,129,50,58,42,254,63,181,239,24
947,128,28,21,48,92,179,88,76,102,43,134,151,231,179,0,205
948,210,45,23,250,63,60,175,226,225,165,174,85,26,59,125,241
949,95,133,88,27,77,50,136,89,120,129,182,15,8,105,82,109
950,125,191,48,116,145,124,143,58,4,252,186,92,129,11,179,202
951,156,84,222,126,69,65,83,84,37,142,86,177,73,186,235,159
952,87,58,127,193,123,106,118,102,153,215,144,193,248,91,226,63
953,22,9,154,92,167,147,58,200,74,45,253,18,41,212,45,119
954,160,149,39,57,248,204,93,119,126,106,55,15,247,255,204,88
955,27,115,70,211,125,206,147,62,214,3,245,9,241,29,250,116
956,63,234,28,170,136,131,15,225,253,138,85,236,10,65,167,6
957,204,40,126,184,221,21,239,121,57,30,39,164,60,147,140,220
958,142,218,100,141,135,217,123,109,60,122,83,103,212,84,236,14
959,110,108,77,243,104,198,126,185,237,149,150,112,164,252,103,203
960,99,151,9,37,233,86,67,108,5,11,72,217,141,234,138,210
961,71,3,158,13,83,250,228,136,169,192,218,154,39,118,229,91
962,218,31,45,21,186,135,0,184,123,126,49,228,111,97,235,130
963,123,118,24,112,132,60,10,132,174,113,47,95,192,233,215,127
964,99,36,203,243,243,75,190,239,38,194,237,251,145,17,87,53
965,102,56,227,225,62,6,109,180,181,199,135,89,166,206,198,244
966,138,27,161,66,31,25,55,125,230,114,131,9,183,53,42,95
967,248,74,213,168,225,114,93,223,5,3,34,24,197,219,69,226
968,11,4,191,113,84,194,64,227,68,37,53,168,143,245,105,50
969,151,185,134,249,56,174,188,107,38,241,56,152,232,4,227,160
970,155,80,70,65,249,49,242,200,165,142,217,110,227,2,43,102
971,251,153,214,1,217,170,179,61,173,91,36,8,15,98,47,22
972,251,131,202,38,223,171,17,79,222,228,250,207,59,96,96,222
973,144,228,78,56,27,132,225,31,186,9,152,101,122,111,95,77
974,199,246,222,34,45,9,31,44,171,25,67,20,105,189,109,188
975,213,200,247,96,16,48,130,47,134,207,100,110,225,33,3,159
976,138,80,75,138,151,108,183,7,127,96,180,233,150,237,35,78
977,65,226,17,184,32,226,16,207,158,38,55,104,98,104,92,13
978,140,38,113,72,110,244,153,159,66,123,34,250,43,3,140,109
979,37,231,57,234,169,171,223,153,56,215,247,60,158,126,200,61
980,237,72,75,17,248,244,235,48,103,89,118,45,64,135,23,183
981,14,57,116,38,53,221,41,220,44,45,23,101,132,160,198,149
982,114,64,163,15,164,27,64,161,223,135,68,236,234,68,151,51
983,47,234,166,251,193,166,33,26,15,53,126,56,83,154,17,4
984,161,122,235,125,130,35,202,248,126,225,31,3,10,55,159,219
985,67,171,237,93,150,108,117,18,235,146,114,254,69,181,93,237
986,146,152,65,188,152,120,77,145,42,24,60,154,253,32,180,130
987,118,38,111,100,46,97,201,194,27,81,13,100,117,132,34,178
988,12,118,23,95,130,94,74,154,129,137,218,185,203,35,217,174
989,204,74,2,64,173,218,176,254,202,90,192,189,107,7,6,110
990,90,91,16,165,224,19,227,85,79,215,249,235,61,19,245,201
991,140,4,77,227,113,221,158,253,141,221,86,159,228,179,96,73
992,103,211,118,238,30,112,243,157,111,217,209,113,109,212,148,63
993,40,217,199,218,38,113,76,120,164,92,6,78,65,207,81,247
994,150,188,228,159,5,132,232,52,140,83,158,141,60,88,122,254
995,44,0,34,227,248,39,27,195,86,181,14,134,47,182,252,223
996,226,250,151,6,159,170,204,81,58,252,40,93,68,191,149,219
997,165,91,162,179,77,102,242,116,247,194,86,10,250,112,76,97
998,182,91,230,165,240,169,20,248,0,81,157,206,179,14,200,96
999,145,224,216,114,149,235,13,9,4,1,154,155,20,43,224,192
