0,198,235,14,198,205,42,69,3
1,205,92,232,55,193,109,208,211
2,199,224,234,215,105,217,181,109
3,40,75,12,11,33,11,57,143
4,1,27,40,105,198,191,251,193
5,170,4,156,100,55,248,252,163
6,242,72,118,18,80,150,63,47
7,8,45,77,181,3,155,139,206
8,12,35,236,242,211,248,59,65
9,238,111,215,52,207,11,217,199
10,137,176,175,222,81,218,136,221
11,19,68,134,65,34,193,84,42
12,252,62,44,89,115,107,189,234
13,248,180,165,101,254,246,237,74
14,129,57,1,74,252,158,119,121
15,95,141,255,159,14,130,130,117
16,213,16,252,219,43,255,211,132
17,229,13,0,238,169,151,73,85
18,207,167,203,242,237,157,239,183
19,65,33,49,55,220,164,244,117
20,232,57,66,40,80,42,132,198
21,22,151,18,2,214,64,188,42
22,213,138,93,54,163,152,169,62
23,102,239,148,185,115,235,134,81
24,105,198,83,56,20,215,73,235
25,1,168,178,75,186,243,209,175
26,57,142,97,73,226,126,245,35
27,134,55,236,112,130,234,34,222
28,182,244,54,66,83,121,248,176
29,218,11,160,240,172,95,22,21
30,187,103,15,178,14,12,240,17
31,30,57,140,153,140,215,92,60
32,203,226,248,87,156,203,84,79
33,137,200,240,225,119,49,47,13
34,109,211,194,166,8,78,147,173
35,191,173,19,66,157,245,26,69
36,108,141,154,42,7,192,201,227
37,113,232,53,231,140,53,42,21
38,233,63,97,210,14,154,51,171
39,115,108,32,41,29,8,190,91
40,126,186,26,114,64,29,209,210
41,139,169,228,245,150,189,168,93
42,236,140,37,2,28,107,239,27
43,168,228,129,37,69,82,93,0
44,12,48,18,119,87,64,127,155
45,75,195,111,72,237,214,67,187
46,240,100,56,46,74,181,123,102
47,57,183,94,144,179,166,129,198
48,136,214,117,70,214,149,184,168
49,226,23,152,188,113,209,196,57
50,38,191,168,113,181,28,224,138
51,251,41,214,61,162,252,239,29
52,177,43,221,5,144,56,141,134
53,67,105,126,250,61,145,160,181
54,113,241,55,98,90,158,156,251
55,102,192,152,103,65,31,252,102
56,180,159,255,239,182,69,73,35
57,132,141,230,214,192,42,63,23
58,199,231,134,77,127,40,174,204
59,200,162,250,49,170,219,230,234
60,246,68,166,116,170,81,158,110
61,11,154,53,135,180,73,139,159
62,139,241,20,220,25,151,15,123
63,138,53,255,36,255,70,183,26
64,20,93,216,252,26,149,128,255
65,11,146,174,17,124,242,72,192
66,80,184,153,154,174,173,13,255
67,12,119,226,53,32,134,50,177
68,148,79,140,214,206,67,40,35
69,214,10,94,128,93,0,179,27
70,146,196,58,225,64,100,22,136
71,138,151,141,205,137,182,73,28
72,195,101,117,196,200,138,192,235
73,126,84,73,101,23,249,243,2
74,227,38,20,174,180,64,101,109
75,147,69,149,90,207,70,159,196
76,72,0,113,174,24,197,57,167
77,68,155,79,23,104,173,197,30
78,254,193,164,211,58,255,28,216
79,154,71,38,227,59,117,138,163
80,230,146,7,1,249,84,200,88
81,93,137,66,56,228,33,250,159
82,88,169,128,24,58,63,74,162
83,11,197,110,31,12,84,38,183
84,242,5,133,37,166,175,141,154
85,134,221,192,2,184,73,63,136
86,156,34,246,184,59,145,82,231
87,122,212,254,150,210,210,242,196
88,242,247,48,167,125,18,226,128
89,232,137,65,216,199,15,170,136
90,146,192,245,201,83,112,67,203
91,97,191,163,64,115,93,111,235
92,250,87,19,126,213,105,215,230
93,208,200,221,153,175,36,144,245
94,5,32,221,5,147,176,148,249
95,237,138,60,48,72,135,76,153
96,43,217,232,249,34,221,81,181
97,176,174,74,61,37,33,38,75
98,12,189,156,122,245,212,201,81
99,93,53,6,193,227,66,156,75
100,241,209,142,209,205,146,86,165
101,255,189,154,52,62,115,106,209
102,77,98,172,160,74,211,133,81
103,116,59,225,198,242,29,148,163
104,102,225,173,226,91,19,3,233
105,90,239,41,10,14,153,215,199
106,173,193,102,82,172,200,131,176
107,121,206,13,68,194,27,80,86
108,114,8,218,3,70,232,164,85
109,131,193,74,206,50,38,94,172
110,245,155,50,44,240,16,243,174
111,73,81,232,42,227,138,36,108
112,14,145,238,139,37,222,129,124
113,172,188,43,198,177,22,42,31
114,222,11,10,208,149,88,202,154
115,252,137,20,148,116,116,247,91
116,70,90,220,247,140,115,199,59
117,141,250,112,223,197,242,177,202
118,30,114,221,141,185,17,115,9
119,153,23,173,19,131,19,30,108
120,100,251,184,52,47,253,34,68
121,216,34,13,100,5,60,134,238
122,215,118,67,240,143,217,106,75
123,88,162,225,117,30,213,80,2
124,200,72,67,14,200,238,128,19
125,115,109,212,127,105,169,120,251
126,254,168,20,177,208,78,69,138
127,253,73,146,149,115,110,17,43
128,1,180,161,73,61,209,118,222
129,6,30,57,250,186,172,129,189
130,52,64,75,146,181,200,160,39
131,190,200,104,178,163,122,53,12
132,130,11,152,216,134,111,218,250
133,96,252,218,197,216,200,238,169
134,140,123,209,150,237,138,115,200
135,56,226,224,201,168,36,227,163
136,155,13,246,188,212,162,249,50
137,31,69,50,197,104,53,95,177
138,198,17,149,37,19,218,89,152
139,254,132,210,114,227,95,162,87
140,20,103,134,12,122,83,255,151
141,59,162,19,101,97,74,11,50
142,120,78,130,146,44,135,49,68
143,44,37,240,194,203,48,246,231
144,4,132,37,153,25,41,5,67
145,212,152,75,105,250,64,198,127
146,168,64,206,136,156,93,183,36
147,156,232,191,189,56,121,251,35
148,83,194,106,194,135,99,68,141
149,213,241,17,143,120,181,94,116
150,90,140,33,219,37,4,124,33
151,25,239,137,184,214,225,149,4
152,111,124,107,225,253,92,253,57
153,236,168,157,107,95,135,181,165
154,141,86,21,57,96,207,205,203
155,48,125,201,86,52,57,156,146
156,175,121,28,232,4,66,122,28
157,77,206,128,16,131,114,40,164
158,39,206,144,76,62,243,254,36
159,18,66,138,121,244,253,156,35
160,238,49,193,156,161,116,197,174
161,203,238,56,246,121,4,192,215
162,86,213,119,180,3,179,161,163
163,252,113,75,195,161,81,152,110
164,209,116,0,249,68,19,128,23
165,191,111,117,176,233,89,174,99
166,223,65,57,110,71,242,41,235
167,190,17,204,23,158,32,90,239
168,60,237,5,55,251,57,107,52
169,64,110,156,216,70,34,135,180
170,225,62,178,32,116,179,109,179
171,199,3,100,159,189,177,199,42
172,129,254,75,247,93,99,16,7
173,46,154,3,209,95,131,213,13
174,132,74,233,193,75,8,156,107
175,76,80,69,218,247,95,193,55
176,182,127,106,22,192,135,26,39
177,140,142,102,191,86,46,106,186
178,31,83,40,53,225,240,27,12
179,248,46,61,42,188,203,14,42
180,196,215,150,159,42,83,212,155
181,172,32,19,79,120,93,252,79
182,73,108,233,63,168,155,194,169
183,178,64,111,109,112,40,202,207
184,163,240,33,108,134,29,77,179
185,174,56,77,189,116,8,138,123
186,98,162,33,98,239,161,13,39
187,241,155,136,22,130,16,227,61
188,68,139,168,226,150,0,176,80
189,200,154,115,160,114,248,15,248
190,6,109,94,36,104,167,175,183
191,35,252,233,78,162,99,29,184
192,182,116,72,86,45,162,58,34
193,236,53,79,2,146,24,249,10
194,245,66,70,53,47,235,21,126
195,166,202,75,152,162,184,28,108
196,238,9,127,155,32,45,90,95
197,50,104,46,49,68,157,230,17
198,234,187,228,251,210,64,70,240
199,205,71,94,124,107,214,252,127
200,205,166,20,45,132,240,133,104
201,158,203,40,224,1,121,53,183
202,231,226,92,3,214,249,186,105
203,123,133,223,182,159,190,240,243
204,211,114,163,136,162,46,35,232
205,173,238,33,6,237,152,213,43
206,107,19,106,221,69,64,146,112
207,208,151,168,105,81,193,104,226
208,249,249,63,32,49,157,50,234
209,57,154,9,6,211,110,227,251
210,34,5,68,206,179,87,185,57
211,94,131,56,216,104,34,69,139
212,79,55,172,128,84,14,11,91
213,49,15,204,155,3,79,141,245
214,124,99,79,253,76,73,111,211
215,124,103,53,38,28,197,141,181
216,184,109,180,12,211,195,210,142
217,152,186,133,5,147,21,196,173
218,190,142,50,109,97,137,193,147
219,30,98,103,149,23,109,53,233
220,104,103,17,234,25,248,16,38
221,95,237,101,2,127,147,46,13
222,252,242,189,112,244,250,98,45
223,200,189,171,212,183,3,102,0
224,128,135,120,145,111,12,245,3
225,135,21,207,7,45,84,237,122
226,143,129,44,243,197,232,118,9
227,8,201,95,197,239,110,215,132
228,113,71,51,119,255,230,193,156
229,32,230,52,65,206,44,161,23
230,107,196,69,50,100,106,191,71
231,12,0,202,85,76,122,168,104
232,123,131,221,108,16,249,218,79
233,140,10,36,215,34,13,66,145
234,251,12,199,85,189,183,179,250
235,192,222,248,206,153,64,73,151
236,237,43,173,21,8,130,9,39
237,154,206,29,244,29,177,50,13
238,218,64,190,108,176,224,5,27
239,0,253,148,54,165,173,235,209
240,139,205,231,12,175,106,95,152
241,242,70,137,24,239,142,43,156
242,11,200,35,84,27,127,7,170
243,92,235,53,49,166,135,246,101
244,175,130,218,40,48,87,69,173
245,82,113,127,41,232,149,101,211
246,29,20,95,255,244,204,131,140
247,239,59,174,229,199,133,14,60
248,143,177,253,105,92,108,50,48
249,22,224,183,205,193,67,144,238
250,190,66,36,163,217,167,118,156
251,191,85,202,98,73,244,30,186
252,64,52,166,4,178,53,143,63
253,155,78,61,132,200,121,18,11
254,65,93,27,74,166,3,52,103
255,56,131,9,25,210,106,230,242
256,224,86,212,29,161,62,64,224
257,236,188,84,15,99,167,15,252
258,152,190,243,77,142,77,121,49
259,49,191,217,205,86,4,159,179
260,124,51,154,159,145,219,83,2
261,63,145,28,151,130,190,186,40
262,57,8,64,47,46,52,224,152
263,4,177,191,138,33,175,30,228
264,25,241,155,187,42,154,101,117
265,204,36,103,21,104,117,113,12
266,121,61,184,94,41,98,65,128
267,58,126,255,42,132,4,1,187
268,122,83,37,140,92,227,28,90
269,104,87,81,136,87,86,32,194
270,213,122,77,92,189,164,127,168
271,67,191,61,214,164,44,103,74
272,19,55,101,100,170,68,95,135
273,126,163,9,108,158,26,107,42
274,172,195,149,201,226,255,53,117
275,191,69,147,14,231,81,182,213
276,171,92,45,52,52,233,165,90
277,205,38,89,239,139,213,36,37
278,239,118,23,211,97,41,214,122
279,226,18,166,185,131,33,220,142
280,47,24,219,163,2,202,251,138
281,129,42,94,123,185,102,140,93
282,59,218,229,144,115,1,176,40
283,89,17,44,182,176,216,170,24
284,59,96,214,70,19,245,41,103
285,24,172,9,242,62,194,215,43
286,229,65,29,177,94,95,89,66
287,76,10,117,120,248,89,170,105
288,208,176,35,125,168,150,136,20
289,152,100,198,63,66,124,125,20
290,126,89,182,42,143,226,7,121
291,238,87,100,27,42,216,7,120
292,184,82,147,118,84,35,247,45
293,150,189,233,165,112,41,214,75
294,66,7,44,51,193,35,76,197
295,29,205,102,144,111,137,250,74
296,35,126,13,209,76,51,132,108
297,145,91,81,79,200,4,119,224
298,244,107,134,47,149,211,195,239
299,145,112,222,60,251,228,64,201
300,238,219,110,113,118,141,58,192
301,27,143,192,174,86,108,226,236
302,183,127,51,255,58,78,31,209
303,34,84,147,169,230,243,26,248
304,31,217,131,232,190,214,145,84
305,83,81,117,21,73,159,248,101
306,77,207,64,54,138,18,38,206
307,151,73,138,178,159,38,86,252
308,16,109,153,18,36,118,18,17
309,49,55,112,31,231,84,183,251
310,76,212,102,173,47,171,20,250
311,143,186,225,191,136,69,226,116
312,201,164,47,78,21,39,159,19
313,37,223,1,82,230,146,192,141
314,195,99,118,6,75,134,233,120
315,242,79,37,123,41,219,99,170
316,19,155,53,222,123,177,224,146
317,129,103,4,149,167,98,38,185
318,208,199,151,139,22,52,29,146
319,124,200,156,151,143,189,94,29
320,178,71,109,237,23,79,98,193
321,59,80,84,219,205,191,7,249
322,167,230,226,247,9,152,62,1
323,207,153,7,13,64,24,96,213
324,87,172,98,184,146,74,214,36
325,123,107,7,157,185,97,108,215
326,140,21,211,164,5,135,250,234
327,159,193,97,108,94,137,184,22
328,191,223,118,96,218,57,255,212
329,126,64,205,152,104,206,244,185
330,56,253,27,156,250,77,12,18
331,107,91,26,164,92,203,49,231
332,133,114,139,217,59,114,199,66
333,68,105,26,77,43,56,201,193
334,55,31,63,13,144,165,155,200
335,69,114,64,221,226,103,93,230
336,38,183,200,139,178,36,254,232
337,151,122,129,199,205,167,89,60
338,177,122,153,170,81,156,117,255
339,49,142,44,207,70,252,231,250
340,179,95,241,8,16,165,60,111
341,221,217,198,39,135,247,93,51
342,39,201,48,101,216,228,194,36
343,141,127,33,32,48,137,105,89
344,181,252,217,116,80,102,119,206
345,60,21,49,117,107,27,167,131
346,159,224,234,29,119,12,146,36
347,18,226,104,68,215,78,81,91
348,198,216,118,14,181,22,187,219
349,144,68,143,53,157,47,57,17
350,195,166,144,161,231,46,224,38
351,225,237,101,108,100,180,75,171
352,81,178,254,90,42,118,137,212
353,179,207,123,66,249,218,40,149
354,112,42,54,163,122,135,117,128
355,34,232,32,234,243,193,186,74
356,18,206,172,116,95,85,99,85
357,150,70,76,108,149,124,191,116
358,54,89,114,15,67,120,57,91
359,179,243,208,172,187,160,176,229
360,184,234,151,10,39,58,1,81
361,166,172,82,96,164,166,121,53
362,72,206,243,64,205,121,105,144
363,110,127,210,44,203,176,249,1
364,66,143,34,115,155,61,176,113
365,8,195,184,75,59,94,53,3
366,96,61,239,163,197,123,63,54
367,118,6,169,111,247,159,170,127
368,135,56,130,119,124,139,83,115
369,36,211,174,207,122,189,64,207
370,17,2,232,56,53,42,115,107
371,28,131,104,134,89,24,184,243
372,115,224,235,47,84,24,150,247
373,1,109,70,180,142,67,159,127
374,11,71,74,122,176,174,56,203
375,213,36,31,19,251,119,27,75
376,118,101,191,148,217,254,196,70
377,242,173,134,224,30,145,37,179
378,207,69,102,50,8,79,16,30
379,191,187,191,85,30,19,249,85
380,156,78,111,46,23,11,202,139
381,17,121,59,21,144,220,214,159
382,88,45,66,163,6,129,26,196
383,52,102,240,56,166,138,89,144
384,224,104,97,105,206,244,222,2
385,17,61,254,242,180,185,10,128
386,48,32,196,165,155,235,56,69
387,246,2,108,233,34,160,225,219
388,44,198,120,15,159,193,85,155
389,223,162,249,191,80,175,227,28
390,120,206,180,35,30,209,173,165
391,99,201,72,111,248,47,26,114
392,133,153,184,105,111,219,30,149
393,140,197,222,114,12,28,131,223
394,97,45,28,122,253,104,156,230
395,67,186,190,206,49,157,191,193
396,241,105,121,129,148,79,101,137
397,25,102,155,137,61,228,148,8
398,153,209,120,67,125,166,237,65
399,157,59,234,39,104,94,152,147
