0,196,132,185,31
1,174,53,109,19
2,147,181,62,37
3,29,9,22,244
4,51,121,232,131
5,67,13,164,136
6,171,254,35,143
7,194,75,185,203
8,169,148,221,10
9,114,35,147,14
10,241,105,149,193
11,142,37,152,134
12,57,11,135,86
13,75,99,26,95
14,129,220,191,16
15,77,41,136,65
16,165,181,241,207
17,141,189,159,235
18,153,12,54,167
19,193,62,109,169
20,110,177,4,240
21,81,34,199,76
22,171,149,110,245
23,50,153,55,108
24,241,154,45,247
25,184,68,146,159
26,65,87,245,123
27,165,1,67,168
28,99,173,116,132
29,54,32,147,116
30,19,171,144,186
31,239,114,134,32
32,169,187,188,23
33,70,147,125,77
34,226,62,169,72
35,11,143,68,77
36,55,191,66,132
37,148,147,67,224
38,10,186,162,62
39,102,139,59,163
40,139,105,138,198
41,226,199,94,117
42,204,139,12,149
43,13,116,135,139
44,239,8,86,205
45,67,138,37,57
46,201,99,204,30
47,222,6,163,243
48,136,149,97,41
49,111,174,45,78
50,52,71,161,41
51,65,116,74,122
52,231,212,216,180
53,58,111,33,230
54,166,80,180,11
55,254,200,37,144
56,169,199,243,157
57,142,124,151,203
58,178,110,9,18
59,42,199,126,24
60,206,227,16,109
61,88,7,187,17
62,130,195,7,154
63,89,137,104,88
64,211,205,53,247
65,79,53,234,204
66,59,125,102,90
67,117,36,30,86
68,196,146,229,68
69,150,113,132,29
70,229,55,69,10
71,250,16,123,226
72,207,143,156,226
73,128,99,163,235
74,8,74,46,3
75,115,65,211,235
76,0,134,118,57
77,23,171,110,255
78,87,151,69,133
79,114,3,146,234
80,57,158,183,201
81,31,136,53,132
82,250,179,253,174
83,98,34,100,114
84,149,59,84,105
85,166,21,157,1
86,106,128,247,91
87,240,226,205,64
88,184,242,163,237
89,124,206,119,88
90,233,152,238,130
91,239,213,117,79
92,199,12,212,219
93,13,114,23,109
94,248,23,230,178
95,221,157,141,199
96,12,85,225,1
97,118,131,61,97
98,114,169,227,207
99,138,12,19,222
100,117,40,4,31
101,222,243,232,166
102,24,238,243,53
103,121,81,214,242
104,121,0,2,241
105,96,199,164,72
106,184,136,80,224
107,245,18,137,111
108,26,247,182,76
109,21,182,48,37
110,72,125,209,54
111,3,159,59,89
112,254,241,188,46
113,10,9,133,11
114,145,180,9,148
115,155,171,8,131
116,227,118,46,206
117,42,82,161,223
118,73,171,187,204
119,223,42,221,199
120,229,100,201,40
121,116,185,155,74
122,181,205,131,31
123,46,77,153,214
124,88,254,234,149
125,0,225,232,152
126,54,229,230,106
127,76,178,241,96
128,42,10,58,82
129,160,197,208,185
130,89,165,23,148
131,8,64,216,184
132,27,253,7,28
133,58,1,129,154
134,73,71,53,112
135,15,80,86,64
136,49,104,144,66
137,11,83,59,63
138,194,164,195,159
139,209,21,6,34
140,61,35,197,198
141,124,104,126,89
142,218,95,165,48
143,178,89,185,54
144,87,238,70,115
145,73,54,73,62
146,77,250,228,250
147,235,16,222,32
148,166,127,166,19
149,6,104,181,128
150,19,239,249,246
151,195,88,194,246
152,213,57,44,15
153,80,177,150,132
154,111,36,115,27
155,34,220,189,254
156,19,6,170,52
157,61,0,221,225
158,210,82,34,122
159,145,179,213,94
160,120,8,31,102
161,213,238,237,95
162,32,66,53,154
163,35,54,145,190
164,44,27,43,117
165,150,228,25,216
166,75,232,224,91
167,248,105,213,67
168,177,102,166,107
169,101,193,253,102
170,72,193,120,214
171,53,232,32,91
172,39,116,208,249
173,100,18,112,142
174,215,18,44,9
175,176,120,129,68
176,114,127,230,218
177,140,32,52,93
178,154,204,187,70
179,184,176,16,78
180,138,1,36,94
181,11,91,175,167
182,122,72,206,168
183,154,92,210,42
184,109,167,114,108
185,182,234,74,208
186,95,28,221,19
187,234,129,65,229
188,122,58,69,170
189,33,117,62,224
190,159,183,191,117
191,154,54,240,77
192,28,25,123,167
193,37,97,250,201
194,198,141,77,94
195,114,171,247,221
196,35,97,49,30
197,228,16,91,12
198,137,244,192,22
199,114,20,45,130
200,36,219,222,203
201,148,240,102,60
202,21,10,169,200
203,44,95,76,194
204,182,56,52,88
205,163,97,69,0
206,247,62,174,114
207,37,211,144,25
208,136,94,140,85
209,254,174,169,147
210,95,76,106,171
211,191,21,112,162
212,119,161,234,85
213,134,189,217,230
214,125,214,26,115
215,87,39,110,89
216,61,73,206,150
217,8,31,21,229
218,39,226,0,147
219,115,87,58,129
220,100,182,106,201
221,58,166,16,123
222,24,224,147,80
223,66,70,141,15
224,128,249,237,238
225,146,184,161,90
226,121,16,244,109
227,209,104,130,24
228,240,205,3,80
229,4,231,249,177
230,112,91,55,195
231,157,176,85,160
232,150,42,173,22
233,236,170,255,52
234,250,1,128,237
235,129,77,198,91
236,87,240,28,248
237,188,37,146,66
238,77,170,250,195
239,20,154,143,37
240,78,92,47,8
241,49,99,226,255
242,109,195,43,179
243,249,186,164,81
244,252,71,179,165
245,37,119,24,165
246,206,42,48,44
247,195,119,51,19
248,229,98,165,0
249,68,88,246,114
250,39,154,221,161
251,98,93,152,166
252,104,238,238,206
253,51,128,63,238
254,196,92,207,232
255,53,41,188,232
256,187,162,112,17
257,247,144,247,113
258,3,33,239,239
259,77,10,142,148
260,90,192,90,15
261,173,138,216,27
262,209,31,239,16
263,102,74,147,97
264,90,137,17,221
265,210,104,133,186
266,66,190,191,123
267,169,77,188,142
268,102,146,52,30
269,190,25,100,63
270,176,126,11,131
271,76,28,252,193
272,86,174,119,218
273,4,36,27,191
274,226,228,57,200
275,129,210,75,51
276,178,98,98,138
277,225,143,24,39
278,58,137,121,122
279,105,155,24,146
280,131,40,53,186
281,241,183,181,36
282,235,168,225,66
283,246,59,79,15
284,70,239,121,228
285,187,64,196,217
286,159,193,164,141
287,218,42,116,130
288,247,146,4,102
289,241,78,165,105
290,51,40,218,49
291,10,206,136,162
292,104,74,106,177
293,83,151,50,128
294,79,156,125,189
295,110,100,159,179
296,111,65,51,20
297,167,35,22,60
298,19,66,107,234
299,171,137,115,45
300,156,213,71,193
301,49,174,108,71
302,28,145,179,238
303,72,147,80,44
304,125,46,102,245
305,138,8,179,242
306,147,26,122,186
307,126,19,38,207
308,171,52,167,87
309,229,241,111,151
310,19,54,31,91
311,124,62,159,188
312,19,12,63,255
313,4,57,11,174
314,141,246,145,6
315,246,15,126,104
316,74,170,39,179
317,112,58,208,62
318,132,246,236,136
319,58,97,189,247
320,218,20,84,78
321,196,231,16,171
322,62,226,209,39
323,47,85,15,190
324,204,112,137,104
325,18,249,197,0
326,196,207,8,39
327,245,194,203,182
328,234,253,20,155
329,176,19,81,53
330,213,179,111,128
331,8,132,111,123
332,117,119,236,23
333,255,207,36,22
334,35,170,66,123
335,26,230,45,156
336,78,169,253,81
337,245,24,93,198
338,116,204,39,69
339,13,123,65,95
340,210,23,165,255
341,118,54,202,12
342,149,187,178,173
343,193,41,246,43
344,221,2,173,184
345,202,132,203,208
346,32,61,43,139
347,152,49,154,80
348,184,60,52,225
349,193,163,242,145
350,145,120,215,165
351,234,121,217,219
352,239,135,96,188
353,74,170,126,170
354,46,177,19,252
355,198,108,36,163
356,73,118,213,200
357,148,172,245,172
358,169,160,244,208
359,190,42,46,196
360,97,11,53,200
361,252,123,135,47
362,161,175,74,215
363,162,221,158,56
364,152,132,47,28
365,90,172,249,217
366,77,208,44,105
367,83,117,127,68
368,108,34,227,62
369,125,24,63,125
370,255,166,116,161
371,36,27,25,218
372,90,201,159,154
373,221,112,16,146
374,80,48,211,181
375,116,20,35,58
376,220,199,62,7
377,208,172,10,100
378,25,78,85,9
379,102,252,146,103
380,53,53,163,160
381,218,87,64,190
382,150,167,138,183
383,242,121,104,64
384,14,167,36,190
385,209,7,66,248
386,72,223,177,145
387,172,215,76,72
388,27,36,221,82
389,248,132,247,142
390,128,39,137,227
391,251,50,199,120
392,75,169,58,236
393,77,115,218,209
394,161,140,176,104
395,166,29,124,168
396,63,163,53,22
397,162,127,115,59
398,135,140,179,70
399,235,227,167,89
400,252,31,18,233
401,69,83,35,116
402,157,224,54,0
403,127,218,196,253
404,34,175,156,241
405,74,233,142,51
406,145,130,218,168
407,51,102,45,8
408,35,43,41,206
409,202,253,70,94
410,181,88,191,217
411,40,151,251,86
412,43,226,231,48
413,141,162,125,48
414,116,8,205,36
415,181,143,152,192
416,192,212,64,1
417,12,84,228,65
418,115,228,49,13
419,118,23,184,239
420,93,16,73,248
421,189,248,250,178
422,57,250,155,191
423,48,8,171,184
424,115,77,150,218
425,4,172,109,228
426,126,165,57,14
427,115,122,62,151
428,160,87,231,36
429,83,88,93,105
430,133,51,145,115
431,42,216,164,27
432,8,238,123,229
433,70,98,151,46
434,13,136,143,28
435,132,68,28,82
436,30,33,15,3
437,196,246,29,255
438,198,190,128,51
439,230,3,62,131
440,73,90,198,55
441,122,191,141,221
442,96,50,207,252
443,205,188,51,209
444,51,144,138,108
445,55,8,68,216
446,141,146,180,110
447,215,210,67,133
448,172,91,161,96
449,246,155,69,95
450,161,181,57,97
451,86,49,116,44
452,117,228,131,169
453,167,235,75,46
454,156,109,47,130
455,31,54,40,187
456,86,233,51,118
457,0,58,135,89
458,195,157,3,144
459,127,164,249,101
460,82,77,153,192
461,231,224,234,27
462,44,47,155,175
463,140,205,58,224
464,238,236,177,180
465,56,239,26,89
466,204,202,147,190
467,47,76,228,53
468,191,177,131,145
469,8,184,74,19
470,235,83,132,2
471,164,15,210,111
472,206,33,59,61
473,155,5,169,43
474,32,162,72,163
475,80,127,143,165
476,126,219,212,81
477,169,11,45,56
478,38,244,66,180
479,41,15,31,82
480,255,188,39,103
481,187,94,203,88
482,54,7,53,208
483,10,121,132,234
484,123,170,95,214
485,169,110,130,38
486,177,224,40,136
487,176,108,239,19
488,144,56,26,51
489,144,92,187,87
490,74,173,94,45
491,70,136,201,14
492,185,161,180,72
493,192,39,226,159
494,254,69,110,160
495,175,213,24,25
496,193,208,140,78
497,118,133,66,217
498,128,54,238,70
499,247,23,240,228
500,92,112,61,159
501,119,229,127,160
502,238,99,86,73
503,157,184,219,108
504,132,56,29,49
505,198,109,68,200
506,251,162,241,186
507,164,26,126,190
508,61,242,118,130
509,17,248,248,105
510,211,219,21,67
511,142,143,225,136
512,205,247,79,219
513,161,95,134,110
514,112,150,255,119
515,188,87,23,117
516,158,17,192,252
517,205,142,164,220
518,39,5,237,255
519,214,74,62,179
520,67,0,24,164
521,84,68,21,61
522,160,232,115,31
523,43,27,252,48
524,108,36,90,138
525,17,102,199,218
526,124,222,18,89
527,53,97,5,90
528,181,241,215,168
529,234,80,229,204
530,91,7,148,50
531,180,195,80,125
532,152,60,234,3
533,254,144,42,247
534,26,3,189,76
535,3,1,234,2
536,247,137,28,70
537,93,237,18,118
538,98,176,61,107
539,151,175,181,47
540,6,222,46,215
541,227,170,178,34
542,222,63,12,22
543,226,223,105,50
544,132,205,218,67
545,239,104,91,32
546,208,114,136,215
547,240,17,168,131
548,143,180,68,42
549,26,25,83,177
550,190,40,17,98
551,122,37,2,248
552,128,98,106,255
553,39,222,60,172
554,112,132,235,34
555,99,34,53,19
556,155,170,16,71
557,198,203,251,89
558,144,80,167,226
559,177,12,3,102
560,134,142,243,62
561,243,235,63,152
562,134,113,94,167
563,143,48,116,14
564,203,1,66,232
565,249,245,231,140
566,124,134,127,229
567,239,133,87,165
568,214,121,171,23
569,112,154,248,59
570,146,13,247,170
571,192,22,81,56
572,62,204,116,222
573,187,83,224,195
574,173,165,240,100
575,232,152,230,9
576,73,13,118,115
577,214,22,41,56
578,131,65,129,91
579,104,147,38,59
580,232,100,233,140
581,126,103,237,47
582,172,117,247,14
583,98,210,8,177
584,173,25,98,164
585,8,153,155,146
586,233,34,153,3
587,222,247,154,180
588,123,77,105,191
589,107,65,238,81
590,247,37,9,194
591,139,95,122,48
592,225,24,132,154
593,76,37,29,235
594,139,227,189,248
595,225,197,87,152
596,107,7,180,91
597,33,60,164,2
598,78,199,12,16
599,78,66,104,193
600,89,47,166,47
601,166,112,52,106
602,4,12,226,187
603,98,162,8,82
604,132,85,29,104
605,78,69,164,92
606,45,108,27,38
607,42,40,2,126
608,105,218,99,13
609,87,156,244,207
610,200,140,0,225
611,17,51,32,58
612,148,113,184,239
613,181,34,187,18
614,7,69,131,190
615,24,106,27,38
616,239,202,18,169
617,2,49,143,45
618,37,22,30,34
619,45,87,246,201
620,172,183,167,52
621,19,52,65,172
622,169,97,125,132
623,236,159,92,234
624,202,120,19,220
625,248,203,4,202
626,184,79,88,47
627,32,61,166,25
628,115,55,11,206
629,112,65,205,48
630,92,108,34,111
631,193,95,123,191
632,171,223,253,145
633,39,24,134,175
634,209,84,106,188
635,86,231,73,52
636,19,198,7,15
637,74,188,231,179
638,56,18,35,156
639,230,153,5,196
640,186,245,32,17
641,45,146,11,87
642,86,5,44,65
643,229,128,237,163
644,56,240,105,76
645,49,13,23,80
646,44,98,185,30
647,211,21,53,36
648,144,72,239,98
649,18,112,134,22
650,149,175,151,250
651,108,34,231,204
652,160,104,108,120
653,68,93,238,15
654,59,206,81,65
655,162,142,85,7
656,4,85,187,67
657,37,108,86,152
658,137,120,188,149
659,197,107,232,151
660,201,99,23,162
661,11,96,115,43
662,111,52,118,212
663,143,248,45,13
664,80,11,87,64
665,129,182,89,19
666,25,45,68,41
667,243,133,102,220
668,46,102,188,189
669,66,160,129,76
670,254,126,126,219
671,245,90,3,212
672,8,0,14,94
673,182,180,47,163
674,203,207,224,215
675,214,5,205,29
676,152,1,14,79
677,5,205,145,32
678,42,79,106,73
679,95,209,160,254
680,106,218,127,227
681,17,0,46,73
682,102,126,63,172
683,39,42,0,1
684,5,1,89,114
685,217,138,115,226
686,81,66,139,42
687,11,55,233,72
688,126,99,208,179
689,23,39,127,24
690,20,52,255,58
691,55,3,165,32
692,173,143,87,176
693,41,58,113,79
694,178,59,94,201
695,131,225,131,40
696,144,212,193,198
697,146,167,230,6
698,112,198,28,106
699,246,243,192,152
700,137,193,33,54
701,152,85,95,118
702,107,71,43,78
703,180,4,0,119
704,122,207,28,63
705,213,177,190,236
706,11,196,86,8
707,183,18,26,227
708,2,29,186,224
709,198,179,27,1
710,36,146,219,88
711,4,61,35,155
712,74,136,254,144
713,156,42,153,44
714,231,162,27,134
715,69,249,246,127
716,45,139,188,165
717,240,99,249,90
718,253,230,144,10
719,250,183,165,193
720,178,162,133,62
721,15,110,24,125
722,106,181,107,123
723,175,100,143,219
724,22,56,157,209
725,251,127,153,66
726,31,65,120,23
727,222,112,13,163
728,218,58,81,193
729,110,83,99,102
730,63,124,59,85
731,105,61,233,10
732,171,238,24,159
733,94,123,175,77
734,146,251,92,69
735,233,38,24,79
736,253,165,107,242
737,228,241,217,222
738,176,194,209,204
739,35,131,107,199
740,184,89,43,170
741,123,125,48,198
742,192,251,107,231
743,113,90,39,123
744,94,96,5,159
745,251,163,104,151
746,248,11,161,139
747,238,149,198,57
748,114,188,55,186
749,207,54,123,125
750,43,128,201,212
751,163,0,64,227
752,23,175,148,175
753,52,207,20,109
754,5,212,35,141
755,34,92,172,9
756,35,156,186,99
757,149,179,217,3
758,223,248,81,80
759,53,72,23,45
760,51,106,204,98
761,73,240,37,136
762,49,36,46,185
763,142,216,209,53
764,94,215,44,5
765,70,188,2,197
766,21,104,28,120
767,173,12,169,220
768,167,133,250,43
769,145,93,141,157
770,109,237,66,55
771,100,140,187,61
772,80,175,111,161
773,126,40,251,153
774,137,236,63,159
775,161,90,224,193
776,153,191,51,161
777,7,83,240,221
778,106,194,95,249
779,117,78,219,4
780,165,69,102,5
781,202,185,236,47
782,9,185,77,39
783,128,167,199,129
784,128,3,233,10
785,122,191,227,11
786,45,85,207,3
787,41,243,122,17
788,130,5,35,212
789,214,248,98,236
790,186,68,14,83
791,96,27,200,158
792,150,2,87,254
793,97,73,203,63
794,153,81,109,231
795,193,96,236,132
796,17,130,51,234
797,133,145,123,177
798,136,230,248,144
799,85,132,120,136
800,36,118,76,166
801,208,38,249,203
802,120,254,238,253
803,91,125,149,97
804,36,71,139,144
805,108,174,126,7
806,90,159,231,187
807,193,100,117,57
808,27,150,216,15
809,24,29,101,210
810,109,55,164,212
811,62,131,58,161
812,110,20,136,18
813,48,217,101,52
814,112,103,137,219
815,57,168,197,220
816,138,67,73,30
817,139,93,158,253
818,94,51,62,88
819,233,51,25,137
820,211,11,154,42
821,76,215,211,188
822,121,138,19,218
823,97,120,80,249
824,99,92,20,145
825,223,138,103,227
826,220,158,7,56
827,104,104,88,206
828,67,89,0,196
829,187,11,241,204
830,223,154,168,177
831,88,170,223,171
832,29,201,16,164
833,186,141,121,150
834,242,130,27,0
835,107,138,59,1
836,183,192,40,153
837,3,215,189,6
838,200,116,5,145
839,31,95,39,97
840,156,183,150,203
841,232,166,254,215
842,242,130,39,107
843,168,105,167,193
844,188,158,40,41
845,48,126,72,63
846,73,212,231,129
847,142,49,104,167
848,2,131,247,5
849,174,64,47,119
850,183,229,23,115
851,251,239,115,56
852,20,227,216,138
853,36,5,95,163
854,84,243,172,252
855,73,141,14,120
856,196,210,209,70
857,197,5,162,93
858,215,245,71,149
859,212,58,8,100
860,233,112,1,141
861,222,155,26,192
862,212,195,178,1
863,56,175,237,150
864,156,103,200,123
865,124,173,204,186
866,78,44,183,210
867,93,150,201,164
868,29,115,57,195
869,19,251,228,252
870,132,50,249,29
871,11,183,125,113
872,209,27,17,172
873,122,31,34,222
874,28,176,178,228
875,241,213,206,19
876,38,43,197,215
877,191,84,106,244
878,246,4,120,243
879,62,101,172,19
880,77,143,95,178
881,174,58,115,65
882,91,167,118,52
883,84,138,102,36
884,8,160,48,190
885,10,47,244,65
886,83,183,181,186
887,34,246,183,148
888,18,11,176,1
889,214,249,233,43
890,70,215,93,1
891,45,167,236,18
892,216,208,237,72
893,32,217,178,46
894,77,255,26,45
895,106,157,147,155
896,123,20,117,26
897,60,67,60,139
898,184,20,252,64
899,74,249,101,145
900,98,193,158,130
901,98,202,112,203
902,201,83,134,133
903,196,37,102,100
904,213,39,144,6
905,8,9,140,114
906,157,7,196,192
907,36,3,107,71
908,88,22,119,118
909,134,145,56,243
910,188,2,153,216
911,238,43,130,210
912,209,53,189,114
913,196,33,106,191
914,219,194,158,250
915,43,194,231,153
916,160,131,63,194
917,22,189,104,184
918,187,100,66,129
919,215,127,127,10
920,68,64,203,232
921,122,94,144,105
922,49,162,5,29
923,89,202,23,47
924,45,189,106,137
925,215,77,166,183
926,198,151,3,247
927,61,38,205,17
928,196,184,56,147
929,1,113,199,255
930,131,5,28,219
931,133,71,97,215
932,244,90,213,58
933,146,24,86,211
934,193,74,122,163
935,91,123,100,252
936,145,249,171,46
937,229,4,117,195
938,40,83,64,102
939,252,95,114,26
940,120,29,155,182
941,195,193,230,224
942,41,35,159,43
943,18,239,249,37
944,89,139,199,125
945,128,153,90,249
946,161,213,155,39
947,230,118,47,45
948,97,57,138,72
949,177,160,153,174
950,118,38,70,185
951,28,238,66,230
952,81,132,223,229
953,170,171,254,219
954,76,222,49,182
955,228,209,231,159
956,177,254,180,252
957,102,55,55,4
958,185,191,91,184
959,196,102,196,97
960,33,168,3,162
961,155,141,70,180
962,136,195,231,126
963,126,27,100,88
964,11,128,154,204
965,13,163,43,2
966,238,206,86,141
967,160,104,181,208
968,37,171,239,10
969,104,143,187,169
970,210,40,16,167
971,207,75,56,89
972,144,165,120,35
973,54,138,141,106
974,124,81,122,199
975,212,111,98,223
976,132,54,81,117
977,173,218,250,164
978,83,27,236,176
979,251,109,223,205
980,206,45,48,65
981,127,19,157,84
982,119,15,60,73
983,87,206,170,138
984,154,12,242,55
985,213,155,211,240
986,103,128,174,71
987,229,196,48,220
988,71,39,72,241
989,35,88,36,204
990,6,230,128,236
991,189,174,254,11
992,62,237,56,52
993,140,229,150,248
994,149,82,117,214
995,173,220,150,205
996,14,84,147,27
997,236,217,77,211
998,144,31,250,28
999,8,64,123,79
