0,244,80,247,121,80,164,159,153
1,112,65,82,249,207,253,213,81
2,242,195,173,142,203,116,156,139
3,211,235,150,120,17,145,224,3
4,55,207,166,11,165,205,156,199
5,250,17,201,157,36,37,11,201
6,246,102,125,64,14,28,54,20
7,173,144,164,9,254,118,225,111
8,48,224,55,82,199,167,217,83
9,109,80,164,178,128,137,24,242
10,3,237,50,121,190,192,214,200
11,154,91,18,145,168,239,9,109
12,224,221,33,21,34,150,83,211
13,107,148,126,167,215,111,92,197
14,98,65,69,162,13,198,37,171
15,20,33,161,101,226,87,151,164
16,169,68,123,182,246,13,214,224
17,174,10,181,225,201,245,142,195
18,133,64,185,138,116,185,121,174
19,187,195,167,96,62,244,200,154
20,209,108,24,194,30,183,9,107
21,75,124,189,32,93,173,88,235
22,191,170,146,117,138,108,97,146
23,43,131,143,101,62,151,205,202
24,13,202,248,166,165,170,37,72
25,167,15,109,60,61,111,49,16
26,71,213,228,165,2,110,25,68
27,180,60,146,116,50,194,54,92
28,161,51,145,32,195,63,197,134
29,156,26,191,179,227,235,6,17
30,10,172,242,200,68,90,96,71
31,130,5,29,202,100,191,104,248
32,128,179,102,214,177,252,99,2
33,70,181,130,130,80,104,26,110
34,199,112,228,223,31,128,59,146
35,180,191,116,158,238,51,155,69
36,7,104,126,171,224,25,252,183
37,253,103,137,212,184,75,191,197
38,253,207,149,23,29,100,20,123
39,221,11,4,224,222,171,216,122
40,187,223,36,51,2,28,79,90
41,0,127,197,3,175,198,62,168
42,34,180,237,13,239,156,193,25
43,116,37,237,148,13,158,126,162
44,153,138,130,239,129,20,77,174
45,75,153,217,102,79,84,147,91
46,168,110,94,6,122,129,245,173
47,176,50,65,57,55,111,206,238
48,114,174,151,163,191,228,35,25
49,24,200,169,112,225,89,107,238
50,75,154,230,153,1,59,141,138
51,80,104,118,195,207,220,245,187
52,208,105,243,108,198,50,115,3
53,144,237,78,167,123,140,228,59
54,57,83,53,73,232,167,75,253
55,213,175,143,166,14,120,39,165
56,239,49,214,5,196,97,42,105
57,40,181,18,225,35,144,143,66
58,118,48,93,146,155,151,110,186
59,160,32,123,111,195,138,50,79
60,65,109,28,181,245,51,128,59
61,43,190,210,92,235,72,70,109
62,23,138,156,223,6,231,180,67
63,135,240,37,114,93,245,30,62
64,250,138,131,120,88,121,152,250
65,238,103,95,32,135,106,48,41
66,204,138,187,255,59,238,64,217
67,80,71,186,9,179,143,82,87
68,43,32,195,211,209,99,79,15
69,55,204,76,55,231,193,160,108
70,44,126,129,125,165,201,230,102
71,156,123,172,222,10,120,184,135
72,242,155,249,218,32,223,162,109
73,79,103,183,51,75,176,44,149
74,92,254,185,115,96,252,89,236
75,190,55,219,206,214,225,110,254
76,44,244,236,233,49,162,68,239
77,57,216,132,134,80,107,139,47
78,119,79,82,71,46,236,191,243
79,253,13,129,215,182,217,118,153
80,56,234,165,140,86,56,212,246
81,165,92,143,41,127,101,189,23
82,76,155,16,221,137,182,46,124
83,203,236,76,155,54,134,235,227
84,74,77,217,22,208,182,59,203
85,2,105,81,26,218,132,240,126
86,226,105,82,187,77,219,135,239
87,95,0,45,243,195,95,66,58
88,199,203,175,114,62,138,169,67
89,71,245,123,34,221,123,178,78
90,77,227,110,153,131,71,59,146
91,63,129,94,14,100,220,7,151
92,49,202,81,150,103,212,193,27
93,224,228,6,116,138,238,229,119
94,78,96,38,233,204,49,118,245
95,60,227,29,171,170,32,163,117
96,28,200,221,56,221,234,96,164
97,82,31,55,151,230,199,245,144
98,69,192,169,200,229,79,41,236
99,87,245,157,219,99,27,169,90
100,182,201,34,37,3,107,144,33
101,2,217,26,42,119,65,212,100
102,232,5,176,229,196,239,127,131
103,16,98,164,215,131,167,37,127
104,85,72,182,210,234,104,25,113
105,178,114,242,234,66,54,67,220
106,74,192,49,219,220,90,54,115
107,167,39,110,104,211,26,112,27
108,150,52,226,159,147,50,64,114
109,35,147,24,152,194,29,210,199
110,183,192,31,118,248,29,87,152
111,203,98,49,99,211,216,13,208
112,142,121,226,64,5,54,36,173
113,108,225,217,42,92,67,49,9
114,204,139,199,107,47,161,221,238
115,47,25,234,170,97,84,5,181
116,122,137,247,231,199,119,67,187
117,116,234,195,199,212,193,65,167
118,111,37,64,8,127,164,184,134
119,147,96,205,79,153,20,74,133
120,139,121,211,143,48,29,161,240
121,38,172,228,33,60,166,104,51
122,7,154,108,72,128,3,187,0
123,181,111,248,58,116,41,164,109
124,54,31,214,5,30,164,26,200
125,197,82,135,149,224,222,177,30
126,132,210,20,228,172,104,237,9
127,181,23,211,231,159,158,157,252
128,146,188,163,27,127,32,81,141
129,243,143,223,159,172,78,39,103
130,184,51,149,204,215,68,187,85
131,94,46,168,180,24,103,243,177
132,74,175,135,139,63,20,203,203
133,235,43,37,35,153,172,254,43
134,119,131,164,154,45,171,151,157
135,228,89,240,60,1,63,16,178
136,144,180,58,18,16,112,173,246
137,89,50,182,2,141,145,255,151
138,10,158,162,110,99,134,117,31
139,137,193,209,77,47,10,10,23
140,167,32,107,53,140,24,156,223
141,111,82,153,127,56,64,176,188
142,107,106,16,188,116,160,180,24
143,177,53,90,224,255,40,162,99
144,118,187,176,56,62,147,68,98
145,155,220,3,255,121,165,212,193
146,205,159,140,147,132,8,224,202
147,229,50,233,177,219,67,202,151
148,170,138,60,204,249,71,7,212
149,114,242,74,139,177,25,152,252
150,245,203,233,201,93,80,232,121
151,65,84,79,223,8,26,53,104
152,225,59,243,229,26,212,74,184
153,67,95,211,176,159,78,28,100
154,223,46,219,163,10,34,47,241
155,206,177,34,29,43,189,100,18
156,101,131,82,74,32,9,242,48
157,218,147,112,41,51,0,177,232
158,45,208,188,99,15,177,3,5
159,75,155,204,250,10,201,191,83
160,245,22,166,76,30,236,117,175
161,237,75,183,221,224,216,97,41
162,229,110,219,86,190,128,254,151
163,227,80,196,181,12,28,46,5
164,24,161,36,57,150,100,38,117
165,185,104,200,169,233,15,63,18
166,254,164,237,192,38,4,199,155
167,79,12,139,34,249,126,185,209
168,129,78,71,248,34,242,18,57
169,76,95,15,132,45,70,250,212
170,54,231,10,76,39,159,186,156
171,226,7,203,36,114,200,175,145
172,249,76,15,88,132,9,10,172
173,247,229,118,108,242,18,47,188
174,186,200,196,93,23,113,243,71
175,13,225,62,50,166,254,206,197
176,97,237,145,147,145,129,90,38
177,119,53,144,166,37,203,15,115
178,19,253,209,219,145,135,67,112
179,191,238,190,114,201,236,242,180
180,50,188,88,125,118,157,148,40
181,60,138,53,212,161,16,181,26
182,233,177,198,238,212,226,133,29
183,66,243,12,229,194,173,202,166
184,29,45,33,231,223,44,15,13
185,112,57,22,81,237,126,216,201
186,16,168,115,38,77,206,218,16
187,253,197,207,31,158,189,16,199
188,35,72,108,180,117,72,132,141
189,23,247,194,107,249,40,44,235
190,93,155,68,150,176,33,71,79
191,161,87,70,24,51,243,202,34
192,204,227,89,30,63,38,79,113
193,238,209,169,230,86,72,27,0
194,207,111,68,104,58,202,66,54
195,75,174,49,129,144,0,6,65
196,225,234,103,168,90,130,219,21
197,106,58,135,81,109,161,52,62
198,128,163,46,82,136,54,146,126
199,10,63,106,61,157,223,171,245
200,53,35,127,72,150,44,171,36
201,105,213,206,172,51,33,235,148
202,231,155,23,141,141,23,43,210
203,89,50,185,88,125,199,189,176
204,251,11,214,61,102,29,145,24
205,17,94,132,225,216,61,19,137
206,229,32,42,176,39,254,87,87
207,3,23,89,28,47,12,183,14
208,46,44,39,24,180,183,129,245
209,92,60,15,143,248,126,169,132
210,30,182,249,2,207,77,216,193
211,243,124,181,174,235,127,94,248
212,123,137,187,119,18,145,143,209
213,205,63,126,160,193,208,85,239
214,30,57,229,191,232,11,100,100
215,117,237,213,197,181,197,155,234
216,67,140,209,237,196,100,144,144
217,214,9,196,54,156,7,64,190
218,212,62,27,198,40,0,8,195
219,91,223,8,236,187,43,224,214
220,36,0,206,158,43,140,226,103
221,108,152,104,101,209,22,166,212
222,201,193,164,66,160,192,240,38
223,160,7,58,211,224,107,140,49
224,144,143,207,14,7,163,211,163
225,64,130,38,66,173,141,170,206
226,183,158,12,189,225,249,25,173
227,225,146,135,57,19,241,214,151
228,244,81,3,156,33,184,54,45
229,50,83,14,194,151,193,248,169
230,225,76,28,37,192,172,95,103
231,89,204,124,224,214,22,191,152
232,230,223,102,49,196,158,149,76
233,101,154,145,227,182,59,167,205
234,183,104,43,67,46,180,117,231
235,187,177,147,19,139,214,130,29
236,232,109,75,160,160,207,140,48
237,134,26,2,177,129,212,223,250
238,81,135,131,40,187,40,71,215
239,129,225,95,66,253,123,20,251
240,46,114,54,56,128,110,201,184
241,190,166,21,152,217,15,197,144
242,48,205,89,255,44,28,53,26
243,35,129,243,39,157,200,31,25
244,252,89,152,3,101,224,48,248
245,212,39,198,127,25,48,47,191
246,200,212,224,218,174,49,189,219
247,191,134,246,4,11,18,8,192
248,7,178,213,58,117,126,163,10
249,248,73,64,65,170,135,153,18
250,98,84,235,241,45,136,8,45
251,171,233,242,108,78,224,117,137
252,106,123,35,105,81,223,242,144
253,189,83,54,240,135,114,223,228
254,194,30,166,198,64,135,215,166
255,119,61,90,33,82,119,223,112
256,167,227,188,192,66,62,110,134
257,193,168,42,103,79,157,64,40
258,31,212,226,201,57,247,94,120
259,216,58,185,128,30,232,164,124
260,47,31,234,32,194,114,157,204
261,126,107,54,178,71,253,35,31
262,227,244,125,228,204,5,120,146
263,6,165,168,0,76,16,27,153
264,1,202,98,73,230,11,160,243
265,206,216,189,196,221,247,32,106
266,189,169,87,120,214,139,204,58
267,254,42,233,63,55,27,56,7
268,202,65,119,200,36,251,173,207
269,152,185,155,255,44,85,209,250
270,128,224,96,80,194,67,81,178
271,59,155,63,41,108,241,37,236
272,31,153,163,12,242,96,57,66
273,39,143,68,15,246,92,230,102
274,72,48,55,1,9,70,181,81
275,85,22,120,160,214,46,115,140
276,59,147,227,48,200,229,71,209
277,185,218,88,142,157,176,252,33
278,119,0,232,58,81,109,47,171
279,15,156,50,69,39,1,61,153
280,202,24,101,249,253,59,84,117
281,174,20,52,7,162,102,194,11
282,242,126,47,139,163,6,47,46
283,84,131,203,203,251,146,225,50
284,74,200,23,125,252,47,113,41
285,234,205,233,185,15,206,213,240
286,59,220,227,23,72,99,125,200
287,158,100,15,86,66,91,173,240
288,105,7,120,1,94,210,254,196
289,231,113,57,188,113,124,238,88
290,197,87,227,183,188,194,46,13
291,75,221,19,120,86,249,36,168
292,3,26,81,136,91,62,137,140
293,241,63,252,232,195,8,203,68
294,39,131,39,20,63,18,15,85
295,98,207,208,48,98,248,53,61
296,30,203,184,143,28,119,82,7
297,8,222,129,26,216,2,101,73
298,146,103,94,44,131,7,231,106
299,61,120,230,135,115,24,5,31
300,123,21,233,129,103,224,250,152
301,0,35,95,62,198,167,231,136
302,19,222,164,203,249,19,39,45
303,171,249,30,53,214,141,186,230
304,47,88,119,83,40,202,204,85
305,58,121,68,179,202,204,232,11
306,39,188,203,112,58,177,122,187
307,246,206,28,219,41,177,195,140
308,206,155,80,214,91,159,55,157
309,156,124,42,125,43,123,111,1
310,29,74,186,47,11,136,188,154
311,89,158,200,78,169,181,55,205
312,160,83,24,61,205,35,226,244
313,39,48,147,200,154,214,58,97
314,189,124,98,244,129,235,216,96
315,102,5,234,114,69,207,162,36
316,99,50,86,77,65,77,239,156
317,198,110,41,58,139,168,197,96
318,196,117,200,197,192,50,5,98
319,212,186,125,38,231,81,236,234
320,26,129,248,197,107,62,219,117
321,193,243,98,151,21,54,160,90
322,168,219,159,107,217,104,237,221
323,60,167,58,195,123,80,183,25
324,107,133,173,111,75,204,135,147
325,101,147,140,60,192,195,130,141
326,48,108,2,19,65,214,57,36
327,69,104,206,166,51,46,204,43
328,8,106,144,106,103,40,230,33
329,79,37,213,224,225,81,162,61
330,76,92,180,91,105,227,2,81
331,188,172,78,85,142,171,0,157
332,164,52,173,34,97,31,207,255
333,239,133,203,48,228,30,218,183
334,202,255,133,82,245,210,159,237
335,20,8,95,170,144,232,46,146
336,250,67,215,118,101,108,114,159
337,176,77,199,180,28,80,8,180
338,75,62,61,236,6,214,105,41
339,220,175,145,154,194,235,169,26
340,90,214,85,147,252,178,249,168
341,82,178,216,140,140,100,58,161
342,12,80,168,97,45,254,207,10
343,154,150,110,2,108,17,187,149
344,72,26,228,255,184,124,196,215
345,235,5,153,122,51,210,26,64
346,248,61,49,0,116,124,98,27
347,152,122,189,13,135,0,162,183
348,167,68,143,83,59,234,211,162
349,29,106,134,190,72,103,38,51
350,141,175,145,246,5,198,58,35
351,30,84,131,167,244,146,157,183
352,239,54,214,41,30,98,207,27
353,243,41,60,65,5,225,33,226
354,8,133,24,129,239,10,67,88
355,146,187,44,132,103,55,109,17
356,245,35,181,185,52,239,60,148
357,236,50,54,149,94,55,88,69
358,92,179,7,21,137,134,243,145
359,16,163,116,54,154,81,238,111
360,183,201,244,169,172,169,76,137
361,180,73,124,67,65,40,33,12
362,129,237,127,244,238,43,223,2
363,230,14,124,211,49,8,41,58
364,191,168,83,137,141,187,220,65
365,12,83,195,233,202,118,34,174
366,134,147,134,185,27,40,184,240
367,127,38,155,175,231,22,108,61
368,143,207,13,136,15,135,16,185
369,89,90,139,177,253,101,223,208
370,241,111,166,77,40,190,46,232
371,67,55,98,162,107,19,233,249
372,148,163,41,210,82,95,27,76
373,104,170,170,137,118,236,11,149
374,241,185,147,209,27,254,53,250
375,212,34,84,104,135,173,95,14
376,51,62,37,36,245,82,163,156
377,216,164,206,192,153,33,29,74
378,217,223,121,254,220,209,49,116
379,73,165,207,134,250,105,60,74
380,86,200,114,16,6,154,87,63
381,180,181,120,98,190,93,173,250
382,104,159,77,107,199,225,139,155
383,202,32,181,77,148,76,209,217
384,13,105,76,114,205,34,26,166
385,185,245,231,241,218,158,23,85
386,96,228,192,77,84,220,31,232
387,31,49,65,95,17,15,0,21
388,188,52,97,147,252,157,96,207
389,207,236,119,235,40,153,218,138
390,235,233,65,39,100,138,30,71
391,169,201,144,86,41,56,248,123
392,82,170,204,130,180,195,42,49
393,34,13,255,156,72,16,72,115
394,71,47,148,228,169,65,199,210
395,76,30,102,239,99,192,112,54
396,19,57,235,28,235,25,40,105
397,118,72,148,206,100,213,243,170
398,70,181,128,237,165,49,147,146
399,190,11,164,71,39,164,234,217
400,103,77,133,64,175,224,129,41
401,29,83,83,185,202,17,98,253
402,23,248,17,163,205,7,58,192
403,207,90,243,181,135,245,118,178
404,63,100,198,193,195,143,192,238
405,36,23,143,213,136,60,141,196
406,222,62,239,218,73,105,32,4
407,20,118,35,164,74,223,133,61
408,129,177,148,118,30,112,98,235
409,36,195,0,237,132,83,149,149
410,149,174,73,180,202,209,176,58
411,127,1,193,10,175,39,52,60
412,0,196,175,16,195,213,142,194
413,67,15,99,16,143,197,80,218
414,193,170,218,122,7,57,13,49
415,109,222,101,237,113,173,165,241
416,135,186,52,14,116,97,114,114
417,231,30,12,207,246,152,8,206
418,111,248,122,220,77,35,180,245
419,154,23,41,119,140,83,218,241
420,108,119,233,113,204,236,193,16
421,143,152,244,68,18,71,19,79
422,252,43,204,47,179,124,126,15
423,127,57,231,28,48,244,146,34
424,49,112,229,151,41,132,218,185
425,91,91,178,121,84,224,155,31
426,50,230,125,13,104,215,133,77
427,167,142,156,82,131,191,178,84
428,182,110,6,201,252,3,14,76
429,195,99,247,145,75,204,62,249
430,41,81,154,239,158,125,119,138
431,104,196,135,89,150,156,171,252
432,110,237,201,2,241,188,150,96
433,252,85,239,78,43,227,230,17
434,122,110,123,56,150,222,194,247
435,140,130,129,151,23,253,111,144
436,47,117,229,89,122,200,162,255
437,130,53,34,95,79,39,106,109
438,63,165,192,45,65,209,43,95
439,105,93,254,252,67,180,92,7
440,0,132,77,170,48,101,19,154
441,91,192,73,5,55,196,120,169
442,96,36,228,98,5,56,78,249
443,229,189,81,3,148,52,189,244
444,131,126,249,229,149,244,92,202
445,126,249,146,134,137,198,60,142
446,168,129,235,18,30,117,122,45
447,226,39,153,190,174,215,69,200
448,94,40,11,147,177,7,1,72
449,232,85,223,243,133,5,86,27
450,48,46,156,242,23,54,123,226
451,161,116,239,111,3,155,17,178
452,63,41,201,17,17,22,67,173
453,227,19,121,187,126,202,138,93
454,141,41,212,235,232,40,191,206
455,135,107,57,60,184,209,177,158
456,219,23,234,237,155,61,108,106
457,246,67,180,150,206,183,188,182
458,86,129,113,73,41,240,108,63
459,217,74,69,104,77,73,183,220
460,144,138,183,8,196,161,63,142
461,1,235,11,56,196,87,180,2
462,107,31,78,220,232,12,209,238
463,220,181,138,171,116,126,67,223
464,255,189,134,214,165,227,20,190
465,10,225,52,95,20,246,26,20
466,148,87,209,139,152,4,194,78
467,235,143,35,11,179,46,33,164
468,68,51,1,92,101,53,14,253
469,52,194,164,168,64,43,72,33
470,227,196,155,212,161,124,83,222
471,239,56,129,213,57,246,224,56
472,46,227,206,91,139,130,4,168
473,98,157,9,189,129,153,84,132
474,109,233,185,189,6,149,127,250
475,208,190,81,30,117,96,120,219
476,12,122,3,41,162,48,125,62
477,12,190,57,79,167,112,225,101
478,202,37,0,189,180,47,49,176
479,76,107,22,85,234,236,232,75
480,134,18,238,191,197,254,104,92
481,188,44,28,101,130,36,64,191
482,222,99,234,13,224,129,48,15
483,186,66,245,108,190,152,105,170
484,254,5,188,118,123,118,223,139
485,186,64,0,119,57,213,68,77
486,123,28,152,241,10,140,113,133
487,62,234,62,12,136,85,154,140
488,5,61,106,246,124,127,166,62
489,100,250,234,222,41,0,106,207
490,70,33,92,107,33,228,82,173
491,232,115,37,94,216,254,54,153
492,85,145,147,215,206,128,193,157
493,180,109,90,23,188,219,191,59
494,107,167,101,232,53,80,51,44
495,66,152,43,225,255,72,206,97
496,226,171,138,111,189,160,181,140
497,119,222,6,77,194,240,13,67
498,160,38,243,87,91,206,250,3
499,197,215,200,214,147,38,6,195
500,112,247,86,83,53,164,232,114
501,165,5,3,193,190,112,203,197
502,246,123,168,48,23,98,250,241
503,196,255,193,183,47,40,221,127
504,56,28,246,14,242,218,178,69
505,116,2,236,121,185,192,86,154
506,240,211,109,246,249,70,189,67
507,59,161,178,70,243,88,113,94
508,26,121,129,129,22,169,131,83
509,143,111,121,200,13,190,233,64
510,114,226,109,154,198,243,55,184
511,21,237,85,169,61,5,210,137
512,223,51,156,120,148,49,187,78
513,254,30,9,30,177,63,226,242
514,243,224,158,98,199,127,216,216
515,82,116,248,18,34,21,82,114
516,4,69,191,238,251,139,161,25
517,58,9,168,176,122,69,195,143
518,130,208,103,175,178,218,11,82
519,167,88,168,132,33,64,220,237
520,147,30,213,138,32,31,2,215
521,234,222,4,112,228,112,127,247
522,20,147,218,63,179,90,147,220
523,4,97,148,32,151,215,213,219
524,138,68,174,191,35,142,239,181
525,217,189,215,210,208,40,138,50
526,164,62,253,96,12,47,82,17
527,135,124,34,131,109,113,249,4
528,81,129,197,39,81,192,41,1
529,134,154,77,232,192,254,41,16
530,154,60,175,140,216,32,239,209
531,92,40,59,187,134,28,199,134
532,181,28,226,143,95,131,168,245
533,247,204,211,73,22,200,147,148
534,4,189,158,253,104,43,233,162
535,16,62,76,70,100,136,232,111
536,251,151,3,47,142,67,212,202
537,35,65,231,79,197,243,73,207
538,26,232,212,179,190,125,135,148
539,201,184,121,169,145,163,37,240
540,120,123,42,152,29,93,209,140
541,158,224,87,30,11,148,60,152
542,142,87,86,98,164,63,52,33
543,238,201,140,15,63,54,88,183
544,57,164,117,204,166,142,133,44
545,222,141,115,7,160,171,55,158
546,43,94,95,222,225,191,186,148
547,190,240,14,132,172,246,235,228
548,55,160,15,16,200,245,174,85
549,191,93,187,176,227,33,7,105
550,62,157,163,107,13,115,231,110
551,79,110,34,57,189,142,86,39
552,154,147,121,234,193,50,176,133
553,169,113,123,151,137,4,246,173
554,82,84,55,137,122,80,19,74
555,131,159,136,90,86,41,35,119
556,132,34,158,205,84,28,121,222
557,225,243,222,94,67,119,250,136
558,178,7,129,168,198,1,13,199
559,95,200,96,247,242,233,253,239
560,243,231,72,0,152,147,21,65
561,148,201,252,113,227,219,55,32
562,57,232,199,84,126,114,237,237
563,87,196,29,128,250,228,55,75
564,33,247,99,41,26,228,92,41
565,2,104,82,115,128,176,62,26
566,249,137,199,77,105,53,78,155
567,4,27,41,74,82,13,102,129
568,3,223,151,19,231,84,83,189
569,90,78,55,2,21,183,149,127
570,29,90,242,20,231,64,97,106
571,196,11,200,177,167,163,122,8
572,67,191,180,33,232,47,164,181
573,198,174,196,78,29,194,0,118
574,168,109,178,101,241,132,120,161
575,209,240,168,62,254,141,215,46
576,85,222,122,242,37,6,197,110
577,35,192,179,249,171,197,20,100
578,125,3,71,39,55,226,100,153
579,57,150,166,104,247,59,254,31
580,16,76,46,184,92,118,61,199
581,224,52,172,208,131,154,141,241
582,42,104,188,69,219,237,69,48
583,71,251,79,98,85,115,49,4
584,93,20,137,189,122,18,149,69
585,148,91,145,208,175,6,228,102
586,17,140,113,4,67,17,54,179
587,226,243,141,120,62,161,161,197
588,102,104,124,156,114,222,101,235
589,184,111,53,1,8,110,181,242
590,79,244,177,61,144,143,99,210
591,72,57,16,132,187,29,160,238
592,223,102,68,167,240,232,19,91
593,20,135,18,154,75,201,93,77
594,248,104,237,17,46,207,4,11
595,199,100,233,233,246,233,88,50
596,212,221,91,4,98,123,166,187
597,87,179,105,255,33,79,104,60
598,31,236,254,139,4,141,187,30
599,211,78,218,170,173,105,137,17
