0,129,4,87,222,107,87,121,217
1,166,253,164,153,232,61,233,40
2,91,116,156,238,31,66,206,41
3,98,131,18,77,4,219,141,74
4,91,160,221,15,246,40,249,18
5,4,124,63,125,63,254,47,116
6,16,229,121,30,80,213,213,174
7,236,65,220,167,87,163,49,61
8,9,185,154,68,115,216,195,178
9,201,99,63,150,198,109,138,51
10,113,230,56,86,57,215,204,38
11,40,67,12,118,214,57,54,195
12,93,84,249,174,95,249,151,87
13,156,148,101,101,191,25,221,137
14,59,125,73,95,226,88,8,70
15,27,151,7,11,124,66,193,241
16,15,232,57,220,65,158,201,246
17,98,0,39,252,47,189,47,45
18,124,78,8,145,136,70,14,98
19,104,202,239,225,54,222,14,220
20,189,55,104,247,138,35,79,255
21,54,112,226,186,85,215,58,251
22,1,66,228,31,165,34,221,11
23,189,79,161,179,148,245,212,235
24,229,93,235,196,238,115,110,20
25,103,39,188,87,176,75,179,172
26,238,158,111,99,182,125,33,119
27,139,250,159,40,75,229,151,153
28,63,144,31,222,178,89,138,194
29,3,207,186,212,37,190,213,61
30,250,14,169,173,59,182,193,55
31,130,8,112,163,29,27,140,29
32,253,25,131,173,123,82,150,213
33,108,75,131,198,189,8,176,127
34,224,42,44,1,109,130,81,186
35,87,73,234,172,141,11,112,140
36,127,1,246,155,16,100,169,171
37,110,203,91,127,120,87,183,95
38,103,233,162,96,46,182,226,30
39,88,211,244,116,243,17,234,217
40,229,240,137,6,149,123,43,30
41,107,196,199,145,191,109,12,77
42,164,144,8,9,176,213,183,204
43,66,210,54,255,105,183,234,81
44,16,197,95,112,197,203,43,118
45,3,55,102,50,234,139,16,92
46,223,145,78,50,93,228,87,99
47,230,233,55,91,11,218,135,243
48,139,97,27,107,154,186,85,235
49,208,205,124,251,98,119,183,134
50,152,226,188,199,108,8,134,110
51,17,169,116,136,25,65,226,71
52,220,40,101,192,252,200,6,51
53,158,74,172,131,216,54,21,162
54,69,71,173,158,185,95,147,103
55,67,159,222,106,107,6,134,20
56,190,180,254,86,219,255,255,154
57,189,207,100,90,28,218,181,136
58,46,18,29,174,78,167,154,140
59,171,113,84,103,194,120,208,138
60,196,66,227,84,77,113,69,43
61,203,123,118,223,7,1,43,220
62,245,217,134,189,47,36,17,250
63,238,151,129,23,110,214,206,86
64,233,82,2,3,33,40,144,99
65,149,218,107,111,0,120,103,12
66,70,159,137,20,214,80,72,151
67,52,39,184,155,208,110,38,39
68,129,246,0,234,102,46,234,248
69,116,170,0,124,152,121,77,248
70,52,241,243,164,232,204,64,77
71,4,52,54,5,54,169,125,28
72,26,99,146,168,116,15,234,33
73,194,116,81,244,197,28,10,202
74,184,126,139,52,172,23,104,14
75,98,65,97,104,144,119,222,158
76,196,40,230,8,233,99,10,242
77,200,127,65,144,46,99,175,116
78,225,155,48,1,177,141,183,37
79,188,79,105,1,117,159,161,45
80,62,168,152,218,28,222,171,75
81,193,146,134,119,21,111,134,103
82,37,70,205,102,52,36,168,86
83,27,247,232,251,16,120,87,147
84,149,61,193,0,147,99,43,198
85,97,15,237,198,91,88,171,231
86,101,20,157,247,186,118,157,73
87,31,37,235,81,92,129,47,11
88,161,152,144,62,230,157,169,62
89,101,225,79,109,24,45,107,156
90,11,157,61,161,100,142,24,197
91,71,220,236,80,58,105,102,205
92,245,211,246,68,163,157,226,92
93,174,191,179,242,80,152,222,197
94,228,212,15,62,130,244,93,52
95,252,147,69,50,226,235,51,142
96,176,185,230,118,169,254,177,183
97,99,71,39,137,64,162,65,159
98,16,224,118,51,214,131,246,248
99,236,174,133,88,45,32,177,107
100,190,191,158,242,122,11,178,250
101,156,104,195,11,196,37,151,114
102,172,218,87,125,19,137,144,9
103,38,128,74,160,57,174,80,190
104,250,58,142,79,9,111,132,154
105,25,169,99,78,87,91,5,208
106,150,16,113,195,26,159,193,99
107,134,108,247,90,224,87,66,98
108,194,68,65,159,129,227,43,159
109,125,186,143,87,39,24,118,129
110,231,51,12,232,109,212,44,192
111,232,150,236,90,143,124,109,232
112,109,213,226,42,127,105,23,239
113,152,233,19,232,202,34,247,155
114,138,254,105,142,82,144,132,33
115,158,170,164,161,245,242,93,49
116,45,148,207,103,78,132,71,173
117,50,222,205,235,5,55,90,69
118,136,206,150,34,66,201,244,157
119,189,53,74,43,8,205,178,252
120,218,224,184,176,150,254,18,37
121,232,49,37,63,52,50,154,168
122,116,181,6,223,254,242,102,7
123,163,30,61,87,224,134,152,222
124,36,134,218,56,7,168,9,194
125,142,90,188,89,189,210,127,148
126,129,126,124,81,233,54,38,217
127,78,163,5,105,248,8,184,37
128,178,179,191,184,120,171,137,147
129,150,109,199,76,45,176,255,66
130,199,38,203,210,21,114,116,243
131,0,122,55,177,58,36,49,45
132,166,149,20,96,6,209,90,221
133,7,52,160,167,99,209,234,213
134,43,75,230,133,142,125,103,156
135,163,129,208,193,103,231,7,159
136,9,58,22,123,169,99,2,57
137,119,22,7,176,86,97,73,253
138,114,17,188,80,88,42,184,96
139,123,126,122,82,97,91,164,29
140,169,25,3,92,192,250,41,192
141,149,88,140,132,244,20,13,73
142,254,251,110,79,170,152,242,41
143,160,128,70,55,195,35,198,215
144,212,215,43,252,22,228,172,195
145,179,49,185,136,161,165,114,167
146,178,54,76,73,228,66,124,53
147,195,73,86,242,86,132,128,154
148,130,194,2,226,229,132,199,144
149,226,54,94,193,191,6,173,145
150,126,223,42,159,183,85,9,79
151,186,83,248,108,227,84,177,188
152,106,122,209,185,77,63,228,199
153,14,149,152,131,226,169,85,104
154,29,185,131,54,12,206,227,216
155,82,235,179,64,215,70,128,128
156,125,87,116,49,200,103,137,182
157,173,171,4,0,16,117,11,121
158,107,219,240,228,35,215,160,29
159,242,223,195,40,67,34,86,95
160,70,253,159,149,14,175,236,73
161,109,107,166,53,155,223,240,49
162,248,210,108,210,103,239,176,125
163,127,62,135,9,186,95,222,202
164,192,171,69,157,0,162,162,1
165,116,29,254,174,30,168,71,1
166,49,181,234,102,132,84,77,211
167,14,180,96,24,126,163,131,201
168,4,189,130,7,3,161,240,123
169,162,243,210,176,5,187,237,103
170,195,182,190,28,40,49,85,186
171,218,244,130,159,141,170,236,21
172,111,223,160,94,81,230,67,6
173,94,233,34,54,57,185,6,170
174,153,158,86,231,14,21,118,17
175,11,189,52,218,9,9,2,21
176,164,123,162,137,205,9,64,192
177,113,136,214,85,94,163,106,196
178,13,197,196,142,177,42,71,86
179,191,237,5,123,112,103,233,80
180,6,215,236,152,202,140,252,196
181,97,249,153,119,50,42,91,247
182,187,254,153,125,70,182,190,73
183,222,51,106,62,53,134,140,199
184,9,112,116,66,71,238,207,232
185,219,228,95,239,120,42,248,138
186,129,242,141,159,103,91,132,92
187,55,201,85,37,48,195,23,189
188,254,251,5,175,46,190,83,130
189,169,179,39,121,11,189,237,62
190,41,125,131,174,248,163,179,114
191,102,209,59,203,101,113,1,108
192,185,174,22,243,5,58,243,186
193,165,159,103,2,127,134,235,229
194,56,112,80,128,199,75,105,107
195,6,187,9,86,166,157,17,39
196,171,45,179,208,152,234,172,242
197,68,22,170,98,224,140,91,174
198,103,83,221,211,103,217,194,248
199,166,71,138,135,142,180,223,106
