0,164,211,14,57
1,84,255,241,35
2,85,125,226,5
3,230,15,57,43
4,250,160,153,185
5,0,114,28,237
6,238,3,58,64
7,154,242,237,111
8,102,119,139,151
9,90,171,177,55
10,170,100,5,112
11,17,85,211,26
12,111,237,75,138
13,239,8,19,175
14,252,173,181,151
15,69,21,234,4
16,109,232,1,171
17,141,224,52,163
18,119,123,67,88
19,173,218,156,89
20,247,193,156,110
21,128,56,167,99
22,250,44,243,4
23,100,51,180,102
24,56,58,72,203
25,219,56,110,114
26,136,29,162,255
27,75,168,145,171
28,149,79,216,14
29,150,111,190,123
30,226,26,174,34
31,147,6,94,69
32,72,21,191,240
33,99,55,57,69
34,31,86,197,204
35,54,65,122,9
36,208,60,149,233
37,122,209,87,32
38,192,151,34,182
39,46,181,102,245
40,102,223,72,218
41,208,250,3,139
42,19,119,18,213
43,149,161,215,190
44,204,180,105,130
45,106,29,156,246
46,229,210,186,199
47,239,29,205,166
48,40,216,77,97
49,192,105,224,250
50,192,204,127,165
51,55,240,197,225
52,209,177,221,242
53,115,88,131,90
54,66,4,149,54
55,140,2,105,50
56,39,181,76,102
57,179,129,95,175
58,88,230,123,204
59,139,83,86,145
60,225,5,39,81
61,30,194,139,141
62,79,45,125,96
63,174,170,223,243
64,127,49,93,221
65,11,20,199,132
66,21,254,131,167
67,72,113,218,144
68,184,149,49,138
69,99,150,9,82
70,29,59,185,51
71,229,103,226,57
72,8,24,78,130
73,155,164,25,24
74,190,242,221,235
75,65,30,165,165
76,217,82,89,11
77,107,15,135,124
78,253,1,71,80
79,255,124,27,191
80,199,76,183,167
81,64,186,111,255
82,23,91,239,120
83,229,163,197,86
84,15,106,123,214
85,164,60,196,235
86,73,136,0,166
87,78,250,78,196
88,35,60,149,168
89,5,76,50,175
90,157,61,202,227
91,240,70,45,109
92,237,46,197,118
93,154,19,185,128
94,195,61,25,18
95,96,255,43,35
96,80,98,239,129
97,88,170,156,153
98,49,206,71,74
99,193,98,215,210
100,206,54,199,81
101,38,90,65,123
102,30,118,140,131
103,158,217,95,8
104,130,42,252,254
105,206,118,26,240
106,18,214,93,223
107,227,190,86,52
108,203,60,80,220
109,95,206,203,204
110,19,201,236,20
111,91,160,80,180
112,78,224,79,19
113,234,35,251,161
114,184,41,11,192
115,68,125,104,8
116,54,49,138,52
117,225,24,171,219
118,159,204,17,181
119,206,168,22,205
120,213,9,137,209
121,123,127,244,7
122,19,188,115,132
123,151,61,238,76
124,14,8,223,148
125,224,12,121,55
126,222,157,57,202
127,125,106,34,195
128,38,198,12,127
129,6,195,2,190
130,155,207,144,19
131,95,228,232,175
132,238,190,30,44
133,130,174,7,189
134,250,205,0,81
135,144,80,32,200
136,91,159,56,82
137,181,174,22,56
138,200,180,30,56
139,46,137,216,116
140,255,25,112,217
141,15,127,106,176
142,191,32,195,6
143,147,233,137,210
144,251,83,174,69
145,94,43,25,120
146,94,168,22,121
147,141,24,39,185
148,96,158,129,67
149,98,155,160,61
150,77,171,236,11
151,38,6,110,56
152,15,25,13,151
153,14,250,206,129
154,29,79,96,171
155,18,10,246,131
156,145,70,128,209
157,54,19,63,244
158,93,196,153,141
159,27,71,248,83
160,124,226,196,98
161,164,233,247,247
162,75,67,30,204
163,33,220,228,30
164,87,101,84,14
165,178,31,193,177
166,175,79,52,239
167,125,133,21,189
168,22,11,94,218
169,254,16,101,117
170,152,57,34,155
171,224,156,82,84
172,159,76,166,223
173,204,139,230,121
174,13,228,98,241
175,7,176,233,156
176,241,17,213,171
177,41,158,72,8
178,233,73,5,112
179,207,40,146,232
180,221,41,30,33
181,240,245,162,190
182,114,76,230,88
183,136,144,101,118
184,110,183,106,244
185,41,161,101,105
186,112,196,104,218
187,148,154,143,239
188,104,156,117,45
189,128,84,46,165
190,192,219,222,160
191,176,240,154,39
192,135,40,137,107
193,195,105,146,93
194,178,41,215,120
195,114,82,106,119
196,86,129,197,181
197,149,70,158,169
198,170,30,235,34
199,212,178,69,86
200,215,146,35,28
201,222,229,22,205
202,222,179,206,151
203,236,52,142,246
204,78,121,154,131
205,147,163,156,65
206,32,103,183,67
207,17,81,5,10
208,222,184,29,70
209,233,144,83,14
210,7,0,106,14
211,23,134,179,21
212,223,172,83,157
213,10,228,168,234
214,242,170,108,36
215,104,65,209,196
216,5,4,60,231
217,215,101,72,212
218,183,75,57,224
219,23,253,92,72
220,207,66,58,74
221,98,199,124,41
222,249,63,128,78
223,64,193,28,178
224,216,133,19,83
225,26,98,107,96
226,101,202,178,24
227,74,112,75,182
228,235,18,241,113
229,214,197,250,252
230,112,243,119,228
231,218,152,51,112
232,10,115,126,133
233,60,5,82,84
234,64,155,209,108
235,157,185,96,244
236,202,16,147,227
237,58,200,54,61
238,221,246,253,214
239,41,47,71,218
240,164,164,29,122
241,120,103,186,195
242,221,205,90,30
243,151,51,121,12
244,31,239,42,253
245,16,183,13,115
246,29,31,235,143
247,167,160,189,113
248,4,127,83,64
249,229,74,87,232
250,64,7,58,159
251,134,113,191,93
252,245,129,220,50
253,105,58,222,151
254,10,15,175,173
255,132,41,28,204
256,11,228,78,22
257,175,196,5,21
258,196,66,155,114
259,93,145,240,200
260,115,75,104,239
261,18,89,201,75
262,69,169,155,47
263,210,135,71,159
264,14,142,148,58
265,217,227,200,82
266,91,26,10,210
267,196,193,16,170
268,156,211,96,106
269,145,86,13,251
270,145,98,151,178
271,18,191,91,211
272,1,113,141,207
273,18,228,28,39
274,174,68,84,150
275,207,99,32,44
276,137,45,177,198
277,105,87,248,123
278,85,233,185,31
279,183,201,203,43
280,100,140,157,105
281,17,112,40,32
282,160,142,125,216
283,224,104,63,104
284,162,55,228,32
285,54,86,238,138
286,183,176,64,107
287,17,166,43,252
288,107,184,62,186
289,255,96,55,124
290,159,255,95,222
291,65,69,193,209
292,81,19,173,254
293,6,220,253,203
294,213,196,121,198
295,39,103,58,122
296,220,239,154,218
297,118,142,16,140
298,101,151,113,195
299,222,27,191,124
300,185,96,63,150
301,145,8,148,178
302,156,134,3,218
303,252,146,147,13
304,53,138,53,185
305,127,41,159,75
306,132,23,44,94
307,179,134,154,176
308,225,160,223,130
309,174,82,194,222
310,184,180,252,134
311,195,114,159,65
312,137,253,18,43
313,41,27,114,157
314,90,115,156,239
315,104,145,241,74
316,227,96,64,75
317,161,170,144,100
318,36,85,146,148
319,128,217,54,191
320,153,132,229,23
321,38,237,143,197
322,226,85,147,9
323,149,90,145,114
324,148,149,38,88
325,175,81,241,141
326,217,249,118,250
327,146,192,118,221
328,175,80,192,74
329,252,192,27,139
330,220,54,1,65
331,57,215,210,32
332,45,181,199,197
333,127,1,192,132
334,22,209,187,21
335,179,86,80,59
336,174,173,208,102
337,57,194,87,147
338,212,152,241,27
339,214,75,243,244
340,106,5,124,143
341,205,223,96,116
342,199,32,147,103
343,220,245,73,240
344,236,153,151,118
345,59,186,117,99
346,141,211,170,181
347,196,223,227,222
348,174,161,41,167
349,232,178,99,155
350,135,138,116,89
351,150,133,238,208
352,55,97,50,159
353,7,14,191,157
354,58,253,122,190
355,40,230,2,21
356,160,197,248,108
357,120,230,204,198
358,196,182,35,118
359,66,191,135,55
360,170,167,26,122
361,167,225,145,230
362,39,107,158,31
363,31,78,87,228
364,196,189,206,249
365,23,216,109,202
366,121,205,32,176
367,195,229,109,241
368,173,113,246,129
369,149,174,172,5
370,46,74,212,241
371,143,175,189,192
372,146,37,10,221
373,55,234,201,95
374,14,76,252,36
375,25,88,166,169
376,198,166,231,44
377,186,242,96,171
378,149,214,22,49
379,44,144,127,57
380,142,205,13,182
381,208,224,28,252
382,200,186,20,216
383,110,155,48,110
384,144,137,226,41
385,116,94,2,113
386,190,160,238,176
387,37,77,239,52
388,213,228,252,35
389,96,4,241,22
390,101,171,39,2
391,4,67,123,205
392,131,171,136,46
393,41,19,65,134
394,67,118,251,199
395,1,39,113,248
396,174,213,81,160
397,180,156,201,89
398,72,166,97,78
399,157,75,162,238
400,239,212,6,249
401,235,100,199,138
402,221,98,20,84
403,37,255,119,143
404,150,96,174,192
405,3,25,95,79
406,204,90,63,162
407,200,82,210,87
408,180,111,126,232
409,165,162,186,36
410,184,60,149,103
411,144,57,247,247
412,69,108,116,72
413,208,160,251,247
414,46,181,220,231
415,159,66,107,170
416,59,223,108,178
417,85,116,134,188
418,153,97,74,64
419,54,72,213,156
420,55,15,156,169
421,32,81,93,207
422,148,80,35,81
423,108,225,79,3
424,42,92,152,200
425,217,54,133,242
426,104,247,135,8
427,150,99,187,180
428,46,83,95,95
429,116,218,188,205
430,182,181,100,167
431,198,204,240,100
432,82,191,9,208
433,192,221,245,60
434,147,79,224,197
435,242,227,243,216
436,45,49,22,176
437,23,211,89,204
438,157,250,211,15
439,142,88,134,172
440,97,203,125,195
441,176,237,202,61
442,204,225,7,28
443,189,201,172,127
444,124,70,235,70
445,59,102,42,230
446,5,61,102,215
447,99,222,10,167
448,203,115,232,44
449,210,238,211,72
450,175,98,78,71
451,176,240,54,190
452,26,195,196,53
453,88,185,23,65
454,218,111,158,195
455,254,238,87,168
456,111,141,121,13
457,211,242,172,149
458,180,108,82,212
459,12,101,179,226
460,57,18,253,217
461,101,170,77,208
462,81,5,172,89
463,251,238,7,60
464,131,140,158,218
465,233,158,17,170
466,15,72,69,164
467,142,103,193,83
468,46,183,98,21
469,85,76,39,126
470,29,242,135,177
471,148,162,135,100
472,47,170,148,31
473,108,67,1,112
474,223,74,101,167
475,138,150,149,78
476,98,233,234,125
477,100,176,40,83
478,69,137,92,65
479,195,25,222,232
480,111,13,246,68
481,122,119,50,123
482,69,77,12,220
483,185,196,8,238
484,194,101,194,212
485,178,121,148,254
486,20,171,235,49
487,81,133,162,57
488,175,106,217,238
489,39,191,96,9
490,207,191,244,20
491,44,244,35,4
492,38,247,18,115
493,172,183,14,95
494,167,221,68,170
495,88,128,175,99
496,163,148,226,139
497,183,188,238,36
498,200,205,18,242
499,246,254,150,68
500,56,64,11,16
501,186,139,220,116
502,149,165,107,166
503,174,51,12,143
504,221,150,235,111
505,112,104,93,134
506,223,40,162,175
507,252,94,166,63
508,94,51,191,97
509,200,19,51,66
510,60,208,97,203
511,186,234,127,150
512,161,183,167,37
513,107,210,22,159
514,172,220,203,27
515,111,176,25,177
516,20,203,54,43
517,13,35,33,36
518,31,8,18,180
519,61,147,101,44
520,117,255,209,81
521,251,238,15,88
522,151,203,119,100
523,130,75,136,159
524,81,121,73,35
525,169,65,130,23
526,239,69,165,80
527,131,163,48,17
528,235,177,84,189
529,31,231,186,253
530,148,52,194,28
531,183,144,177,195
532,93,205,205,62
533,143,113,153,109
534,162,153,185,180
535,128,223,34,218
536,46,65,7,255
537,127,122,213,224
538,66,226,152,252
539,111,89,61,209
540,173,215,113,217
541,55,65,173,121
542,53,208,253,240
543,97,157,190,200
544,200,64,102,74
545,121,221,135,38
546,231,98,243,243
547,21,25,118,3
548,55,196,241,68
549,161,169,72,164
550,130,114,181,108
551,1,219,102,54
552,39,198,205,217
553,185,176,85,76
554,197,230,62,229
555,133,30,118,126
556,198,42,2,51
557,36,44,132,121
558,179,147,157,63
559,209,208,185,14
560,90,204,194,120
561,223,112,109,217
562,75,48,98,191
563,16,127,72,1
564,197,155,142,135
565,139,193,238,31
566,220,3,184,8
567,172,90,29,213
568,149,11,182,184
569,176,252,195,192
570,175,30,239,56
571,192,55,131,111
572,17,232,173,2
573,251,15,132,200
574,34,87,129,202
575,21,219,2,203
576,229,201,221,60
577,88,158,132,245
578,83,82,242,229
579,53,224,214,158
580,64,158,229,83
581,47,100,61,140
582,14,73,253,73
583,104,254,91,149
584,174,37,118,170
585,51,27,97,179
586,150,105,239,255
587,192,157,7,255
588,230,62,47,8
589,115,2,176,52
590,117,238,57,105
591,113,227,199,252
592,92,93,46,187
593,170,82,42,242
594,121,84,124,118
595,32,176,237,148
596,90,173,68,224
597,252,44,74,127
598,123,77,170,5
599,243,56,246,61
