0,78,175,75,66
1,93,89,46,36
2,180,72,66,72
3,144,196,19,203
4,81,90,218,129
5,116,31,128,163
6,129,90,110,230
7,8,246,43,29
8,121,210,106,34
9,3,209,4,155
10,20,225,235,137
11,98,74,148,81
12,212,67,246,209
13,83,84,152,141
14,189,190,206,69
15,32,116,117,108
16,29,178,155,166
17,171,211,90,93
18,18,67,142,153
19,210,202,7,63
20,111,137,48,168
21,67,203,19,199
22,188,255,65,252
23,92,65,157,188
24,23,87,231,171
25,56,98,0,52
26,51,214,128,72
27,92,191,246,94
28,9,90,123,132
29,117,172,47,110
30,154,3,24,23
31,15,151,219,108
32,190,200,193,243
33,142,209,51,33
34,33,24,251,147
35,125,40,80,3
36,127,217,162,188
37,239,81,235,65
38,140,64,28,75
39,209,20,199,29
40,99,20,215,186
41,242,193,147,154
42,201,52,35,4
43,30,129,26,34
44,133,100,225,246
45,173,202,103,64
46,179,174,38,177
47,255,71,75,161
48,52,235,27,19
49,147,74,135,158
50,117,94,212,237
51,205,16,59,67
52,41,166,233,137
53,51,203,239,83
54,32,157,190,173
55,82,201,230,33
56,252,77,91,132
57,190,202,158,30
58,105,93,175,13
59,71,234,212,245
60,111,9,194,109
61,9,120,77,141
62,164,26,60,102
63,244,100,195,243
64,61,224,19,98
65,69,224,92,47
66,120,210,245,13
67,196,83,190,39
68,137,1,27,41
69,164,174,187,118
70,208,58,242,109
71,171,184,42,164
72,37,76,213,110
73,144,8,6,145
74,23,186,154,99
75,158,214,133,250
76,49,174,114,64
77,66,30,28,234
78,184,238,215,253
79,147,247,192,167
80,233,67,217,53
81,215,110,219,9
82,110,168,43,22
83,185,183,144,128
84,151,84,177,158
85,41,230,221,14
86,240,194,61,97
87,223,29,29,71
88,243,146,61,175
89,18,93,69,8
90,229,50,239,226
91,65,28,207,239
92,119,51,162,142
93,220,5,19,205
94,76,35,2,243
95,42,59,62,59
96,113,212,87,161
97,11,220,127,38
98,175,34,211,59
99,45,143,126,191
100,198,53,209,163
101,184,59,76,108
102,214,142,209,73
103,212,66,64,113
104,196,63,188,60
105,42,248,47,235
106,209,215,150,180
107,22,65,137,67
108,120,239,76,51
109,124,216,148,172
110,133,73,224,244
111,237,226,252,139
112,73,1,103,129
113,94,46,121,110
114,37,100,189,72
115,215,149,246,37
116,238,135,208,196
117,73,235,43,0
118,46,6,183,110
119,45,231,241,140
120,249,194,128,231
121,196,132,1,61
122,222,227,204,254
123,125,120,242,100
124,119,233,213,2
125,128,98,124,82
126,56,11,124,157
127,119,165,2,51
128,118,181,80,187
129,109,207,100,33
130,7,135,68,116
131,253,0,229,51
132,113,216,255,181
133,23,143,187,217
134,131,72,66,129
135,109,235,144,140
136,228,197,212,204
137,219,151,171,38
138,121,228,229,201
139,65,212,37,85
140,140,89,122,55
141,217,147,195,128
142,25,241,220,121
143,140,2,97,48
144,39,96,120,202
145,164,44,42,130
146,217,239,179,107
147,252,222,192,98
148,160,249,176,233
149,19,58,158,94
150,13,9,188,182
151,91,49,224,178
152,1,85,119,244
153,197,98,92,191
154,14,55,73,58
155,202,195,203,128
156,168,99,241,47
157,40,185,81,192
158,40,105,77,63
159,30,76,53,197
160,132,74,94,126
161,34,120,48,194
162,171,220,227,161
163,32,170,222,15
164,92,220,121,102
165,160,217,76,69
166,192,190,89,38
167,160,204,170,140
168,108,83,53,58
169,181,163,76,27
170,234,183,185,248
171,139,198,15,195
172,219,14,88,96
173,18,7,31,134
174,95,5,242,81
175,134,241,238,155
176,201,25,207,7
177,230,199,197,41
178,144,65,24,221
179,180,41,12,177
180,2,178,196,221
181,140,211,212,211
182,151,251,96,108
183,170,104,163,52
184,148,32,188,118
185,143,213,202,144
186,90,180,198,221
187,185,103,206,202
188,214,138,83,138
189,219,82,143,132
190,158,5,148,120
191,13,2,205,36
192,151,161,96,60
193,53,87,200,127
194,97,219,36,9
195,80,123,89,75
196,140,68,142,254
197,73,234,211,81
198,34,26,160,128
199,204,236,140,219
200,51,132,180,221
201,230,159,130,68
202,2,40,153,230
203,55,118,18,156
204,180,163,122,53
205,65,15,8,73
206,218,24,178,231
207,170,249,173,58
208,139,237,35,29
209,71,36,153,185
210,184,125,195,64
211,111,122,49,30
212,248,146,116,18
213,102,91,176,202
214,85,33,28,220
215,160,106,150,132
216,129,225,23,172
217,78,132,15,247
218,127,42,234,95
219,201,124,189,110
220,0,130,0,96
221,146,155,210,24
222,135,98,209,115
223,3,200,255,10
224,22,142,160,156
225,45,181,62,227
226,43,172,59,27
227,60,79,171,152
228,237,174,246,207
229,72,61,26,1
230,146,226,252,212
231,170,65,7,7
232,168,156,200,13
233,225,214,192,10
234,67,160,69,82
235,136,120,130,184
236,245,170,149,122
237,11,177,48,7
238,73,189,8,23
239,175,23,22,43
240,139,40,9,164
241,251,50,211,72
242,208,112,62,64
243,167,76,32,141
244,157,216,0,107
245,38,36,192,176
246,248,99,188,55
247,52,138,29,86
248,126,200,105,60
249,8,227,168,204
250,180,56,136,52
251,141,212,19,130
252,8,47,149,156
253,104,51,188,83
254,224,67,210,175
255,183,215,163,9
256,125,58,183,93
257,51,172,51,223
258,243,104,4,47
259,178,255,252,162
260,239,220,180,251
261,62,253,77,1
262,243,127,154,46
263,118,188,46,255
264,117,22,117,238
265,135,104,230,5
266,133,154,160,215
267,234,156,153,254
268,172,59,102,247
269,199,37,1,253
270,82,11,28,246
271,88,3,124,131
272,78,46,220,178
273,108,181,230,240
274,23,33,176,86
275,7,148,210,5
276,228,171,107,0
277,80,53,165,69
278,2,206,69,87
279,241,152,16,236
280,213,252,146,249
281,196,61,50,189
282,86,217,139,148
283,211,252,103,81
284,86,191,41,146
285,188,241,90,167
286,95,53,149,199
287,3,170,157,207
288,6,166,123,28
289,61,44,71,8
290,49,165,235,86
291,198,99,174,91
292,56,59,4,65
293,89,16,95,241
294,205,199,208,39
295,22,79,184,101
296,45,38,48,55
297,79,76,169,75
298,148,45,150,186
299,23,242,232,173
300,195,122,154,61
301,169,225,9,170
302,40,40,60,153
303,158,57,110,154
304,105,3,162,162
305,101,79,244,24
306,41,84,197,152
307,149,206,170,246
308,75,161,100,228
309,138,83,125,218
310,108,34,220,135
311,35,235,33,86
312,10,34,89,175
313,177,187,212,152
314,144,228,218,64
315,204,74,218,159
316,127,47,58,199
317,91,233,147,113
318,31,24,51,61
319,7,1,68,110
320,76,54,223,35
321,52,8,121,231
322,148,247,211,26
323,247,90,194,68
324,68,108,64,191
325,130,28,112,172
326,245,129,12,176
327,70,247,107,206
328,238,72,204,249
329,109,95,250,179
330,224,151,3,173
331,67,214,186,164
332,168,35,182,117
333,227,158,93,24
334,51,206,200,221
335,212,1,38,79
336,42,205,249,219
337,55,132,55,186
338,177,20,146,125
339,216,3,227,130
340,121,68,40,243
341,199,8,73,163
342,77,82,176,78
343,253,103,66,193
344,131,234,84,230
345,81,108,164,145
346,254,156,68,78
347,55,228,123,247
348,243,216,143,182
349,172,122,135,62
350,65,165,202,60
351,86,237,206,164
352,249,58,227,42
353,28,251,148,61
354,169,129,0,79
355,95,215,67,177
356,17,200,201,190
357,129,145,59,139
358,49,243,183,216
359,185,194,129,15
360,16,192,94,103
361,250,102,111,32
362,33,192,159,156
363,65,248,123,168
364,244,11,0,31
365,214,93,5,38
366,187,213,20,48
367,214,119,238,82
368,63,100,250,153
369,227,198,101,176
370,10,59,129,163
371,2,206,242,195
372,236,163,116,150
373,112,173,85,246
374,134,22,223,52
375,192,134,18,190
376,48,147,210,177
377,160,78,17,139
378,93,52,98,240
379,135,196,176,236
380,159,241,38,155
381,209,78,254,17
382,154,245,97,100
383,27,216,179,36
384,105,113,119,33
385,62,174,150,78
386,133,120,251,212
387,211,227,174,20
388,199,238,235,121
389,40,177,122,182
390,229,101,32,147
391,73,216,21,132
392,199,42,39,162
393,30,25,170,200
394,255,199,228,111
395,172,97,36,175
396,18,176,102,227
397,51,119,98,210
398,138,189,85,86
399,41,148,135,107
400,94,212,38,180
401,65,123,28,248
402,236,250,56,156
403,21,107,244,23
404,159,206,99,139
405,136,110,160,153
406,103,104,97,141
407,228,97,64,133
408,52,116,190,109
409,58,86,75,96
410,43,87,135,58
411,8,197,159,103
412,151,30,23,56
413,211,106,205,175
414,88,12,210,147
415,66,137,22,223
416,86,150,98,253
417,75,197,23,35
418,107,168,129,92
419,12,172,87,72
420,93,73,204,228
421,119,149,75,98
422,182,169,98,132
423,22,131,134,87
424,204,251,121,122
425,51,42,195,123
426,186,135,245,216
427,16,127,161,38
428,233,187,103,83
429,36,158,152,120
430,156,48,132,54
431,42,51,145,196
432,238,231,73,106
433,43,5,72,253
434,14,95,130,177
435,15,184,17,98
436,179,104,91,174
437,217,85,71,7
438,87,22,239,62
439,64,182,246,68
440,139,134,142,144
441,134,119,170,42
442,85,177,161,234
443,13,169,147,236
444,190,240,129,161
445,203,49,62,228
446,170,97,178,169
447,162,51,49,72
448,125,230,49,118
449,139,228,178,218
450,117,5,101,58
451,214,132,213,208
452,70,147,79,117
453,201,59,161,35
454,57,167,76,198
455,185,55,225,201
456,10,14,164,59
457,245,79,172,239
458,212,30,134,22
459,14,41,58,57
460,133,138,249,180
461,122,232,242,37
462,191,143,75,158
463,49,27,248,45
464,172,174,100,38
465,158,204,141,222
466,215,224,52,173
467,15,65,231,93
468,20,43,247,194
469,22,83,232,186
470,126,68,233,135
471,51,240,63,96
472,180,231,37,113
473,218,168,23,137
474,220,118,38,53
475,21,32,104,225
476,112,116,110,255
477,8,109,123,204
478,107,98,57,83
479,32,117,184,161
480,71,167,22,217
481,1,183,108,231
482,59,42,120,36
483,47,241,104,41
484,21,102,253,236
485,248,136,163,43
486,145,227,76,174
487,96,155,76,121
488,62,42,218,118
489,163,71,159,0
490,185,121,199,194
491,138,170,247,28
492,186,185,116,200
493,204,213,80,217
494,65,124,235,13
495,189,9,84,104
496,88,9,153,71
497,234,65,172,184
498,251,226,23,166
499,127,70,241,217
500,37,110,233,53
501,11,69,15,113
502,107,245,68,200
503,203,49,114,195
504,88,102,190,9
505,167,242,115,237
506,126,236,248,137
507,240,209,241,218
508,39,184,187,94
509,54,88,241,28
510,196,0,42,212
511,219,104,67,61
512,116,178,215,203
513,145,249,29,98
514,125,229,117,254
515,116,178,95,11
516,38,187,237,26
517,135,83,25,152
518,34,2,84,156
519,0,142,103,172
520,165,137,25,195
521,41,227,128,3
522,98,216,73,146
523,207,199,14,83
524,209,169,118,148
525,166,90,135,206
526,149,88,35,120
527,151,180,87,113
528,88,44,11,232
529,214,238,238,238
530,46,63,209,193
531,57,197,238,8
532,103,177,232,238
533,189,253,153,122
534,187,149,105,78
535,234,89,150,33
536,242,13,212,195
537,161,115,0,219
538,93,241,79,85
539,237,97,95,221
540,36,81,3,112
541,136,164,187,104
542,220,54,186,201
543,84,165,184,208
544,187,251,179,16
545,45,128,215,73
546,199,192,231,162
547,136,196,133,181
548,71,121,174,172
549,202,108,208,186
550,49,87,194,187
551,119,49,187,150
552,164,99,18,144
553,73,16,72,2
554,4,88,228,36
555,184,202,70,249
556,46,7,209,41
557,173,232,210,195
558,251,216,24,24
559,0,215,50,194
560,100,43,204,170
561,198,116,136,110
562,195,209,203,253
563,179,129,77,199
564,29,34,147,16
565,150,75,33,250
566,199,126,36,23
567,117,14,205,65
568,119,163,8,65
569,227,103,202,59
570,168,131,163,216
571,253,126,170,171
572,24,232,134,87
573,225,128,10,109
574,120,144,122,244
575,148,76,175,175
576,125,23,72,87
577,249,65,79,206
578,31,135,15,166
579,252,113,132,51
580,93,249,44,237
581,11,165,9,90
582,144,104,73,205
583,184,240,30,162
584,108,115,18,228
585,196,219,108,15
586,178,123,167,196
587,215,133,100,7
588,247,88,107,108
589,201,112,52,69
590,42,131,64,42
591,212,58,0,159
592,43,126,196,122
593,233,158,8,252
594,89,249,26,250
595,35,9,143,227
596,250,39,93,195
597,142,5,99,48
598,66,132,139,156
599,118,196,188,67
600,0,55,12,34
601,27,49,11,150
602,67,73,143,225
603,223,228,250,9
604,202,189,14,107
605,249,165,142,87
606,169,179,62,3
607,84,13,222,30
608,98,197,129,254
609,117,88,69,153
610,168,209,207,39
611,56,81,80,166
612,16,143,154,149
613,184,216,218,3
614,66,118,217,244
615,238,138,27,186
616,164,127,232,41
617,125,127,73,131
618,12,176,183,57
619,159,94,141,161
620,193,123,45,222
621,78,115,224,242
622,247,63,71,192
623,181,183,43,91
624,252,141,152,91
625,90,95,187,121
626,129,36,103,194
627,171,192,180,99
628,198,230,114,255
629,80,13,169,197
630,237,121,227,152
631,69,194,241,235
632,110,171,135,205
633,174,97,151,107
634,111,28,189,154
635,68,101,14,9
636,194,50,219,8
637,135,90,217,9
638,113,232,2,89
639,40,49,124,146
640,10,119,119,221
641,164,21,235,20
642,76,133,146,142
643,160,85,141,141
644,114,18,87,141
645,132,243,151,77
646,41,6,136,119
647,169,20,93,140
648,18,226,207,243
649,168,101,132,78
650,221,217,60,132
651,139,87,179,88
652,47,54,233,98
653,31,2,165,199
654,250,215,246,128
655,48,70,212,164
656,111,55,146,43
657,79,225,18,43
658,104,89,214,143
659,125,233,159,208
660,4,201,162,81
661,99,92,47,15
662,51,182,138,207
663,178,50,75,230
664,21,55,2,55
665,230,190,67,105
666,113,138,205,84
667,249,243,165,79
668,236,81,138,78
669,103,126,206,106
670,107,159,217,214
671,163,158,175,1
672,176,217,95,12
673,54,253,78,180
674,100,106,48,88
675,191,208,249,12
676,165,102,221,183
677,149,251,63,29
678,169,105,119,137
679,3,8,21,215
680,66,22,85,204
681,237,52,121,56
682,205,215,71,179
683,70,20,249,116
684,163,187,62,10
685,221,203,83,97
686,60,131,31,114
687,234,2,62,198
688,13,86,138,110
689,58,137,15,5
690,126,188,240,151
691,7,169,130,125
692,159,11,71,161
693,85,7,142,89
694,218,166,223,217
695,44,31,102,21
696,99,243,203,171
697,20,80,75,196
698,58,103,61,70
699,17,167,225,91
700,72,87,249,238
701,198,144,4,164
702,117,250,205,155
703,132,230,240,34
704,211,88,109,172
705,173,215,189,61
706,95,164,219,227
707,110,125,211,53
708,132,254,159,183
709,169,24,222,246
710,82,67,190,24
711,203,73,97,176
712,48,52,69,245
713,145,211,161,45
714,3,14,189,158
715,209,228,32,62
716,224,50,135,217
717,9,30,33,77
718,217,115,131,199
719,196,49,50,246
720,245,76,203,21
721,247,0,169,239
722,27,24,137,205
723,22,19,68,204
724,143,64,43,1
725,222,74,34,46
726,167,72,44,231
727,234,134,254,211
728,137,96,225,150
729,188,98,188,116
730,18,74,80,95
731,8,199,185,207
732,136,58,54,240
733,70,180,48,117
734,85,87,206,217
735,214,72,117,186
736,222,172,192,176
737,134,178,50,13
738,107,69,4,46
739,252,137,68,80
740,76,110,251,188
741,61,154,249,60
742,135,20,79,140
743,168,45,180,202
744,235,134,139,51
745,158,117,248,133
746,207,239,58,183
747,177,200,233,71
748,182,64,189,143
749,48,248,28,75
750,173,82,183,159
751,1,79,108,156
752,135,138,0,68
753,240,62,54,14
754,44,101,169,178
755,5,47,233,123
756,125,217,116,111
757,10,139,112,155
758,6,191,136,142
759,16,87,89,62
760,33,238,217,73
761,185,142,221,128
762,60,31,248,6
763,241,210,86,188
764,194,47,98,127
765,39,191,141,112
766,102,212,148,146
767,35,187,150,227
768,208,96,72,160
769,99,237,185,97
770,28,209,69,168
771,85,154,196,33
772,66,231,25,68
773,184,3,245,124
774,41,192,227,150
775,69,130,67,190
776,65,6,31,151
777,14,160,104,72
778,82,127,254,208
779,14,125,131,174
780,167,142,99,110
781,17,9,134,149
782,247,211,19,211
783,117,18,253,148
784,13,22,25,30
785,72,140,211,12
786,216,85,117,20
787,221,1,247,232
788,118,173,141,157
789,101,107,150,128
790,181,211,197,140
791,218,128,175,125
792,217,136,201,196
793,106,197,149,71
794,160,169,187,231
795,153,133,131,226
796,15,55,154,168
797,113,63,65,76
798,56,215,140,104
799,144,247,57,82
