0,75,174,71,187,0,143,201,191,195,130,189,64,219,74,91,205
1,58,186,145,119,45,192,151,105,241,203,245,37,248,201,183,93
2,162,204,165,138,204,51,144,42,47,86,19,142,246,116,11,100
3,202,198,145,204,46,94,123,52,232,13,80,221,123,2,78,188
4,130,216,90,61,68,104,56,82,177,156,36,8,76,82,138,64
5,222,143,55,72,114,158,183,40,93,68,93,148,40,66,34,54
6,148,195,74,169,151,248,46,23,89,130,60,251,126,237,47,231
7,195,171,251,92,44,186,81,155,18,92,238,154,230,246,197,189
8,12,112,96,88,115,103,113,24,158,109,213,115,165,197,68,143
9,93,246,105,3,25,132,205,95,2,228,125,95,147,193,8,10
10,217,196,153,151,216,232,139,125,173,30,58,131,37,245,16,76
11,161,55,153,233,226,153,10,130,21,146,187,28,133,174,126,33
12,143,115,248,81,50,109,137,91,148,46,35,248,237,4,250,132
13,10,187,194,154,10,237,99,243,226,103,96,47,174,76,93,74
14,139,21,224,60,55,70,84,48,204,130,217,248,160,245,58,24
15,136,127,106,73,229,35,119,127,21,0,185,164,228,72,30,14
16,202,0,66,208,25,218,9,5,145,17,84,24,39,7,155,203
17,105,95,192,154,28,64,30,175,231,132,127,103,223,245,127,173
18,254,99,54,136,116,246,187,168,152,156,221,76,43,168,206,111
19,183,193,145,250,45,49,30,0,45,186,101,169,80,76,77,150
20,94,48,112,246,142,38,35,129,164,199,180,89,248,32,206,65
21,147,79,94,13,133,170,254,251,141,200,237,236,175,226,126,83
22,171,63,27,33,94,181,202,139,105,21,49,37,74,113,216,10
23,11,49,24,156,150,210,155,165,57,13,253,67,40,83,34,123
24,237,61,146,173,217,174,29,225,79,74,237,125,130,237,110,129
25,222,76,245,156,125,74,227,210,210,171,182,53,55,157,161,29
26,108,223,116,87,13,134,244,112,140,183,99,192,199,252,240,92
27,200,8,239,185,175,11,67,209,224,49,9,214,108,247,204,40
28,99,218,167,55,128,202,10,66,26,226,156,254,137,155,68,177
29,189,29,89,241,43,145,76,247,95,232,142,139,211,155,59,79
30,234,30,174,83,90,108,232,230,255,25,86,2,245,18,15,2
31,156,217,36,193,191,224,2,132,232,71,31,247,143,253,128,240
32,150,215,233,0,219,33,187,117,119,108,43,196,207,91,255,146
33,231,127,55,86,201,225,95,105,245,17,176,154,17,8,171,107
34,88,184,51,139,150,87,162,182,110,130,61,212,48,189,168,113
35,225,24,107,81,13,143,133,106,186,141,234,152,133,189,157,137
36,17,255,93,179,243,59,236,223,220,227,225,32,184,34,112,200
37,186,84,178,151,12,121,36,26,26,109,7,53,224,213,172,76
38,97,205,21,113,130,90,192,110,111,19,204,189,156,157,10,225
39,35,238,210,174,106,27,147,55,50,212,111,113,23,209,27,205
40,44,54,160,135,145,83,191,164,28,39,62,5,40,163,7,109
41,226,18,70,38,211,143,15,226,3,7,149,97,3,1,221,137
42,94,158,0,100,138,31,17,31,252,44,178,187,36,132,242,128
43,227,73,198,140,247,11,184,54,172,58,150,168,109,255,51,180
44,96,217,244,208,159,111,103,8,9,2,140,130,164,137,134,217
45,56,112,226,118,4,187,185,184,197,13,24,162,192,35,142,10
46,206,141,98,229,58,155,105,104,50,19,77,91,191,85,105,214
47,157,40,79,11,48,110,33,37,79,33,236,189,230,100,76,148
48,221,95,147,213,187,173,29,20,74,115,188,122,178,242,3,179
49,235,89,71,165,193,150,236,34,189,97,240,126,208,55,196,240
50,5,92,224,2,249,251,180,185,77,224,162,21,234,26,222,123
51,12,45,144,250,49,31,193,67,152,99,175,176,34,222,33,153
52,90,53,55,220,18,218,83,128,127,49,118,157,121,45,30,62
53,226,26,166,84,198,156,222,240,60,117,72,73,142,171,141,167
54,35,174,1,14,255,226,69,216,227,158,147,225,110,100,128,0
55,172,106,129,87,66,70,180,170,41,206,15,109,84,188,48,138
56,44,225,237,125,117,71,36,211,147,118,113,163,161,179,122,228
57,96,207,128,208,21,83,183,44,118,96,120,47,107,167,127,76
58,73,193,26,140,142,209,109,167,97,182,84,21,93,227,217,26
59,128,115,242,20,155,32,222,229,212,215,183,113,213,162,94,193
60,155,94,33,53,182,215,9,202,98,4,11,197,119,97,125,3
61,233,22,195,110,225,175,83,83,174,52,174,124,155,153,140,68
62,10,116,129,103,106,226,73,41,199,148,34,121,82,65,165,22
63,24,170,198,20,113,253,210,191,229,147,145,187,240,187,234,103
64,117,188,237,54,59,86,202,255,145,109,31,116,70,247,69,255
65,105,250,39,47,177,174,64,201,160,151,212,41,4,1,7,32
66,35,129,249,91,148,185,214,199,164,146,57,167,244,66,242,128
67,210,209,117,109,58,135,238,96,180,241,209,236,246,32,142,247
68,226,0,167,119,218,12,174,204,169,153,23,84,254,208,226,137
69,146,40,209,160,203,68,8,141,46,155,183,157,116,124,239,177
70,108,2,93,174,62,182,69,214,82,27,11,156,178,24,117,19
71,95,216,196,235,55,66,195,159,106,43,53,183,138,134,240,246
72,120,69,176,7,240,141,241,114,116,145,75,118,16,225,214,50
73,133,87,42,251,223,121,172,49,78,212,105,191,12,18,122,112
74,15,39,151,29,5,105,137,90,117,20,181,153,200,5,39,231
75,136,237,201,208,61,82,181,147,20,132,143,136,54,38,73,242
76,146,22,128,157,185,211,117,123,156,130,140,208,145,237,199,50
77,181,253,3,140,234,205,107,11,53,175,238,58,240,185,223,18
78,252,64,196,14,106,70,46,15,179,132,183,56,123,51,30,220
79,52,201,41,215,188,126,222,113,233,57,140,109,57,235,81,194
80,224,18,248,106,233,137,178,100,132,5,4,245,153,9,130,125
81,12,61,242,75,96,222,192,176,194,10,29,8,61,43,96,106
82,154,244,168,2,139,152,103,172,179,123,233,198,158,206,168,72
83,169,66,146,113,7,113,45,154,220,190,183,62,150,221,102,253
84,62,203,236,44,133,165,237,126,103,168,71,18,227,83,45,8
85,78,20,239,197,150,69,169,164,45,10,199,61,50,234,148,134
86,190,197,93,70,22,179,100,103,88,54,176,219,77,97,165,229
87,16,26,124,76,224,64,204,244,101,50,195,10,102,204,252,189
88,200,227,244,123,246,56,164,24,176,182,171,36,172,234,199,93
89,188,202,50,55,106,195,37,83,241,53,32,11,165,141,243,11
90,224,205,62,226,139,104,225,188,64,140,121,56,240,115,33,0
91,62,12,40,15,57,43,195,124,141,21,13,188,104,57,64,154
92,46,106,122,93,106,129,69,222,155,58,222,114,216,50,225,100
93,253,162,82,243,40,154,251,67,248,199,99,17,179,75,158,211
94,141,189,22,207,168,186,250,115,124,146,105,218,124,95,47,224
95,179,29,221,95,68,162,214,31,59,68,101,7,209,133,9,231
96,72,132,8,24,102,66,33,131,15,75,187,70,77,68,151,115
97,60,200,167,1,183,56,182,139,11,71,183,225,174,200,106,202
98,29,31,145,100,46,208,62,229,142,128,86,87,242,113,3,122
99,224,43,101,30,182,135,169,205,194,42,23,144,93,90,255,49
100,235,63,214,65,157,81,152,165,185,143,99,234,150,181,201,152
101,147,128,224,255,254,20,237,139,120,102,90,203,77,32,42,11
102,166,210,230,9,205,36,255,125,166,223,1,119,30,65,74,92
103,175,189,208,237,81,178,37,207,171,62,41,83,157,85,3,249
104,251,187,151,16,15,110,146,241,108,7,144,218,195,135,155,41
105,169,151,232,65,139,215,194,218,6,12,0,227,33,46,61,62
106,49,203,202,40,104,255,231,132,32,231,132,11,154,76,202,216
107,62,17,109,239,174,181,23,91,192,180,234,80,138,246,223,179
108,195,131,139,236,92,84,47,140,185,18,46,67,135,108,41,147
109,153,14,2,54,130,187,165,130,24,184,130,80,62,30,80,52
110,47,20,153,93,129,37,198,34,59,47,17,10,14,213,52,116
111,239,106,9,198,64,220,18,109,94,121,180,117,82,197,44,6
112,133,46,200,69,92,14,182,178,206,182,48,186,155,59,130,96
113,25,17,40,6,188,50,87,116,34,19,189,207,50,50,113,198
114,41,10,200,236,254,202,170,163,26,144,226,231,172,250,70,152
115,163,164,113,217,162,116,149,214,249,103,241,194,110,194,124,69
116,82,65,205,156,251,136,206,161,145,38,165,55,96,177,231,142
117,217,29,168,118,55,197,43,58,81,198,187,129,51,209,83,241
118,189,224,148,107,23,201,44,255,254,75,114,43,247,19,34,118
119,67,253,44,209,31,77,106,151,239,191,100,185,235,16,199,45
120,29,74,78,218,77,100,234,188,254,142,18,77,184,104,65,19
121,41,120,2,6,185,57,138,239,119,150,25,240,139,212,221,51
122,199,89,235,185,147,17,6,157,195,116,244,81,190,75,229,62
123,129,42,124,94,116,125,71,115,147,222,175,3,0,220,19,230
124,13,67,67,223,235,14,253,239,192,19,4,161,47,19,220,177
125,224,216,8,85,187,246,179,117,55,182,175,93,79,9,239,42
126,222,202,161,44,64,92,226,90,156,150,5,217,93,125,137,135
127,224,163,155,54,224,97,181,197,118,52,25,88,218,141,97,57
128,21,45,52,86,135,12,110,88,16,32,233,168,83,252,97,0
129,127,88,61,192,147,163,190,230,116,100,115,70,76,10,115,111
130,7,91,217,5,171,35,113,203,16,155,169,168,65,78,247,253
131,246,50,58,87,102,229,45,152,245,126,146,174,176,45,210,22
132,198,244,203,192,196,149,73,39,210,233,36,156,92,187,19,188
133,144,168,111,69,213,15,225,79,252,184,163,48,53,60,159,180
134,163,131,181,31,22,208,183,198,52,247,122,158,162,140,103,80
135,240,195,61,135,90,5,128,247,9,60,251,156,18,21,23,75
136,99,139,160,206,83,98,177,201,238,56,103,185,7,54,70,83
137,85,118,153,165,5,82,238,161,113,197,38,176,25,37,135,34
138,172,201,70,224,179,48,161,37,42,7,36,112,138,193,248,93
139,87,118,189,24,38,143,115,133,75,101,175,7,118,215,24,131
140,53,76,71,234,72,194,148,71,237,108,69,179,184,215,25,175
141,160,34,0,194,119,49,23,232,122,233,55,181,13,241,228,248
142,35,195,184,109,30,40,217,206,220,194,24,191,16,22,138,161
143,21,232,68,231,85,38,166,85,74,101,67,11,13,108,224,132
144,36,153,159,14,176,237,153,241,217,201,10,112,218,12,115,73
145,2,174,146,66,125,193,241,191,46,103,76,17,33,61,27,97
146,198,84,193,25,16,167,212,243,249,153,132,118,219,109,217,227
147,183,200,74,157,216,136,180,249,16,77,147,34,210,154,197,172
148,131,184,96,210,110,150,88,64,84,250,211,2,126,255,61,113
149,39,234,130,116,203,74,182,8,190,62,54,65,142,39,143,155
150,6,46,78,22,89,219,38,157,46,161,136,93,224,185,215,31
151,244,165,247,49,146,17,150,221,239,79,3,144,216,167,213,172
152,43,244,233,192,81,194,199,253,248,215,225,226,64,148,217,221
153,127,230,43,104,34,105,199,222,98,65,142,121,38,148,34,78
154,57,142,116,103,28,162,21,110,168,251,172,248,102,154,70,186
155,110,251,29,170,27,122,67,218,146,115,8,9,221,60,124,138
156,205,254,80,224,107,214,241,164,241,114,49,101,97,161,222,120
157,34,159,39,92,55,119,108,204,137,109,87,235,4,191,7,42
158,14,63,156,18,67,65,108,165,203,120,152,158,66,61,148,231
159,185,132,121,33,207,226,153,10,69,146,237,159,23,151,116,217
160,133,136,174,146,173,241,227,11,219,88,83,120,43,107,22,109
161,243,238,181,82,221,39,220,66,63,127,230,80,129,2,200,197
162,68,212,243,145,56,82,138,104,49,134,9,209,90,111,241,91
163,160,199,49,253,17,12,117,224,129,134,219,230,72,242,236,58
164,177,42,173,149,186,119,228,71,222,31,127,154,144,100,178,116
165,2,189,82,249,105,112,120,74,223,208,7,179,92,226,147,186
166,156,46,21,129,224,250,183,70,230,80,8,217,102,2,174,55
167,165,231,145,125,212,231,32,123,189,168,29,97,13,47,241,23
168,1,122,89,98,4,236,226,209,8,36,236,18,11,31,200,98
169,53,108,153,204,96,168,85,124,251,103,103,122,49,91,193,3
170,13,53,0,150,207,94,181,250,227,45,94,157,235,93,213,53
171,201,178,11,111,104,78,231,59,114,134,167,42,108,199,27,162
172,209,115,44,181,33,1,40,236,236,157,101,108,191,147,11,242
173,42,140,98,114,90,240,245,56,139,84,53,171,39,105,161,152
174,58,219,62,203,196,83,148,119,203,64,79,187,131,100,3,23
175,144,243,116,59,122,12,6,153,113,214,222,219,168,238,118,18
176,184,14,92,99,101,236,79,72,126,215,32,48,218,147,201,216
177,91,195,29,97,48,206,83,20,89,68,10,126,222,215,135,78
178,37,89,86,213,94,84,194,39,232,99,137,227,86,135,131,84
179,67,251,129,29,99,33,197,58,103,178,156,183,77,6,171,30
180,96,37,107,107,187,248,110,234,44,196,214,219,48,135,34,9
181,130,3,117,188,93,27,31,153,170,91,19,30,165,70,14,238
182,36,177,119,208,24,177,95,114,102,79,99,111,224,38,169,3
183,117,120,136,170,175,65,221,68,175,15,117,20,132,68,110,189
184,152,144,245,71,186,92,146,80,63,189,21,27,35,107,130,74
185,61,248,43,123,172,26,65,49,47,74,113,181,227,124,170,155
186,20,106,108,53,125,10,205,132,209,2,75,61,237,40,105,11
187,203,126,126,145,225,156,22,245,89,111,68,4,162,159,35,33
188,167,134,188,121,1,73,104,214,115,141,219,68,188,9,94,254
189,245,181,54,196,30,231,157,98,46,166,228,184,205,236,109,104
190,206,146,196,9,165,249,132,82,207,102,131,198,219,216,53,142
191,249,218,50,155,130,223,48,119,124,225,232,63,248,251,206,247
192,230,59,248,100,204,65,56,92,216,182,106,12,13,116,43,51
193,255,162,32,146,20,18,21,63,240,130,177,107,84,132,20,57
194,220,252,68,77,232,12,38,225,29,55,18,125,28,255,22,152
195,14,159,208,236,99,120,0,246,191,47,82,74,225,146,56,227
196,141,192,230,86,207,169,16,42,234,251,92,133,214,193,156,239
197,1,177,163,148,179,134,201,32,108,64,195,175,84,182,81,224
198,107,191,148,179,219,245,205,199,204,45,254,97,242,64,5,13
199,242,247,154,134,43,24,211,242,36,92,198,227,25,162,92,58
