0,24,186,143,108
1,3,163,137,161
2,36,210,144,99
3,0,151,108,105
4,6,172,155,94
5,25,194,161,176
6,18,195,158,156
7,7,203,110,101
8,38,220,134,121
9,59,192,107,163
10,41,223,114,119
11,33,191,129,134
12,9,189,106,129
13,32,142,127,130
14,23,188,145,85
15,1,155,159,142
16,35,167,140,163
17,46,167,139,149
18,22,167,189,126
19,32,183,130,114
20,64,197,152,128
21,0,167,151,55
22,45,177,131,160
23,11,136,141,132
24,1,114,149,63
25,9,157,160,130
26,9,151,128,121
27,6,194,141,143
28,3,149,153,129
29,27,219,158,122
30,24,218,162,94
31,7,179,178,121
32,29,172,151,46
33,32,138,134,102
34,11,191,153,119
35,22,163,163,118
36,25,192,169,92
37,16,187,105,86
38,35,162,138,105
39,7,182,143,108
40,1,221,144,107
41,24,206,157,135
42,19,194,155,78
43,21,249,131,131
44,38,166,129,151
45,8,192,91,132
46,0,175,159,127
47,36,191,172,110
48,26,205,131,130
49,59,210,148,129
50,10,191,154,90
51,9,176,154,96
52,16,185,149,109
53,20,131,136,116
54,19,209,163,109
55,16,201,183,142
56,11,173,136,124
57,26,169,157,146
58,31,181,142,137
59,25,174,151,90
60,18,190,79,130
61,13,147,128,121
62,5,182,100,92
63,46,201,140,105
64,36,200,144,109
65,7,161,133,118
66,36,177,139,106
67,21,177,162,125
68,4,214,133,101
69,40,188,160,119
70,10,165,131,167
71,30,135,137,140
72,13,209,128,165
73,25,191,136,147
74,11,198,144,108
75,25,179,133,138
76,15,159,140,143
77,20,218,156,137
78,29,185,145,101
79,9,185,137,116
80,9,145,112,131
81,31,162,123,125
82,12,179,183,114
83,15,215,141,150
84,29,180,131,113
85,27,213,133,93
86,37,225,109,66
87,8,187,166,100
88,29,191,149,153
89,30,172,91,123
90,13,214,143,93
91,14,203,132,98
92,9,172,125,113
93,15,129,135,147
94,46,197,143,149
95,14,220,123,121
96,24,186,108,124
97,10,254,128,164
98,20,197,129,75
99,29,150,180,186
100,3,197,125,101
101,49,212,156,121
102,11,172,176,92
103,29,192,157,134
104,34,216,152,99
105,5,206,179,125
106,9,218,138,171
107,34,213,108,200
108,42,208,135,116
109,7,203,166,151
110,26,212,133,144
111,27,202,93,103
112,36,197,128,113
113,38,173,147,104
114,21,196,155,109
115,23,159,140,90
116,51,194,164,122
117,16,195,118,119
118,19,193,168,111
119,20,188,166,139
120,8,183,133,58
121,58,174,123,148
122,16,185,138,160
123,33,187,127,91
124,16,175,142,146
125,32,164,160,89
126,39,216,153,116
127,14,223,118,57
128,30,210,191,130
129,26,193,162,120
130,18,195,154,98
131,10,183,111,140
132,7,176,217,122
133,29,213,178,107
134,29,200,101,121
135,9,176,154,105
136,12,195,113,139
137,31,189,100,94
138,10,146,151,136
139,7,193,111,136
140,63,146,147,148
141,18,202,140,81
142,36,191,118,163
143,0,149,121,141
144,45,173,138,127
145,14,162,160,131
146,68,212,125,144
147,17,180,128,137
148,1,173,141,126
149,41,171,130,96
150,24,156,128,164
151,9,164,138,102
152,9,234,140,163
153,0,156,154,158
154,19,224,155,171
155,34,182,88,176
156,34,202,127,109
157,32,206,196,142
158,37,141,122,110
159,38,205,144,116
160,36,211,180,129
161,2,178,102,100
162,30,195,80,136
163,44,184,114,148
164,4,188,111,83
165,40,196,138,129
166,37,138,145,118
167,27,173,119,151
168,6,202,185,120
169,7,231,150,138
170,4,206,135,113
171,18,179,132,108
172,7,163,173,71
173,45,168,88,124
174,60,191,165,118
175,47,207,134,118
176,34,213,176,119
177,15,175,150,74
178,43,214,100,69
179,14,186,140,100
180,0,170,153,107
181,27,222,159,109
182,28,208,137,128
183,16,179,178,104
184,4,162,127,153
185,11,167,180,114
186,26,171,152,127
187,59,125,148,120
188,7,149,158,86
189,9,176,118,93
190,39,193,88,115
191,5,183,123,127
192,21,193,121,54
193,18,177,134,109
194,19,201,183,128
195,34,206,119,148
196,21,199,132,125
197,44,120,148,153
198,34,156,194,149
199,14,162,153,133
200,41,164,141,112
201,2,145,119,109
202,24,125,158,166
203,17,206,121,112
204,2,162,106,101
205,29,193,153,134
206,3,232,147,165
207,18,168,150,85
208,19,171,158,107
209,5,145,159,141
210,11,174,114,133
211,37,139,212,116
212,18,212,165,151
213,35,164,120,107
214,36,219,144,129
215,1,205,135,81
216,14,180,117,104
217,33,187,126,126
218,11,152,151,87
219,9,180,168,90
220,12,199,117,132
221,44,182,154,151
222,12,163,135,73
223,31,236,147,111
224,31,189,139,117
225,14,194,184,121
226,20,210,153,148
227,19,177,97,108
228,38,178,165,126
229,29,180,164,143
230,18,175,105,153
231,6,234,179,176
232,5,138,156,140
233,36,182,182,126
234,52,187,103,116
235,25,174,144,95
236,2,194,118,121
237,7,177,122,110
238,12,172,120,117
239,2,186,155,112
240,52,221,143,103
241,20,194,113,130
242,57,186,179,158
243,24,177,134,114
244,10,250,140,112
245,17,162,133,140
246,0,212,194,120
247,11,166,188,95
248,52,160,113,115
249,39,153,152,124
250,21,225,169,50
251,48,181,174,52
252,59,245,213,23
253,37,192,157,11
254,73,180,115,32
255,10,185,173,39
256,6,221,174,12
257,9,176,181,41
258,82,210,149,27
259,2,234,147,26
260,38,198,182,17
261,26,218,163,28
262,19,246,183,30
263,9,208,143,15
264,11,207,173,42
265,40,201,183,23
266,11,206,141,41
267,23,228,166,12
268,46,197,141,3
269,9,247,178,20
270,13,247,167,37
271,20,192,158,41
272,46,209,160,9
273,36,190,136,8
274,19,173,166,31
275,21,240,148,1
276,21,171,140,46
277,6,201,201,42
278,19,207,140,24
279,14,244,205,11
280,9,228,167,22
281,20,234,125,27
282,10,199,134,34
283,21,171,168,21
284,13,177,154,33
285,43,209,178,33
286,24,207,167,9
287,53,229,172,2
288,30,188,135,5
289,69,193,193,1
290,50,171,133,3
291,54,210,73,12
292,7,226,215,14
293,40,155,165,3
294,49,204,149,35
295,27,199,150,18
296,31,227,138,65
297,20,226,167,5
298,13,193,155,24
299,20,229,132,2
300,17,179,153,3
301,15,203,194,25
302,46,209,188,27
303,30,187,153,59
304,4,192,155,23
305,26,189,134,42
306,22,244,186,0
307,8,218,137,15
308,53,218,158,23
309,22,246,206,30
310,27,219,199,12
311,25,243,208,24
312,27,206,119,37
313,28,221,219,9
314,23,215,151,11
315,9,227,157,37
316,38,211,124,26
317,24,248,168,20
318,34,207,119,38
319,45,200,155,0
320,13,230,181,51
321,4,176,145,6
322,40,240,166,30
323,30,203,140,22
324,43,179,167,26
325,3,225,168,44
326,27,222,131,23
327,13,228,163,14
328,51,232,139,8
329,36,217,184,15
330,23,194,138,14
331,35,206,195,22
332,12,189,155,19
333,53,205,110,4
334,64,235,180,2
335,15,252,138,0
336,12,213,189,5
337,24,179,165,61
338,13,161,165,31
339,3,195,153,14
340,10,216,135,24
341,41,239,205,15
342,8,194,136,29
343,1,207,161,13
344,18,202,199,43
345,26,201,162,17
346,11,187,196,10
347,21,229,214,57
348,39,224,160,52
349,48,209,137,19
350,27,220,181,13
351,2,231,165,15
352,38,222,95,10
353,15,169,156,49
354,47,231,162,64
355,17,213,126,42
356,29,202,185,19
357,43,222,199,9
358,31,169,192,21
359,15,133,205,39
360,15,204,190,23
361,14,192,186,20
362,27,224,114,57
363,28,231,171,36
364,5,250,155,10
365,44,200,198,43
366,24,235,190,23
367,52,181,182,6
368,27,176,132,15
369,20,222,175,40
370,0,172,151,29
371,9,216,183,31
372,13,228,180,37
373,19,206,174,32
374,16,237,157,18
375,27,172,149,5
376,14,177,158,29
377,4,207,187,27
378,25,182,122,14
379,17,235,167,17
380,89,196,152,23
381,0,187,163,20
382,7,164,156,4
383,26,189,171,1
384,6,213,170,37
385,39,232,195,25
386,4,220,181,5
387,23,183,170,16
388,3,228,179,35
389,31,188,173,56
390,7,197,155,32
391,23,174,178,54
392,20,162,159,4
393,57,233,152,33
394,33,227,207,21
395,30,206,118,20
396,14,206,142,29
397,1,235,131,18
398,77,246,180,25
399,22,226,182,44
400,18,206,143,12
401,3,229,163,28
402,34,179,220,26
403,14,205,124,26
404,0,197,205,66
405,28,197,183,32
406,18,224,206,11
407,5,196,176,15
408,58,241,188,48
409,31,236,170,40
410,73,187,153,32
411,53,225,165,33
412,1,181,155,58
413,7,234,129,18
414,41,232,169,41
415,12,185,179,27
416,47,215,142,78
417,9,205,165,14
418,1,236,159,16
419,11,255,155,1
420,21,197,170,0
421,1,232,141,8
422,12,185,180,37
423,90,215,172,66
424,4,225,113,22
425,35,202,164,1
426,0,197,141,14
427,9,208,196,3
428,8,203,165,6
429,1,182,157,34
430,32,221,168,58
431,12,200,140,12
432,29,228,196,19
433,41,212,164,5
434,27,198,170,13
435,16,214,141,34
436,22,230,173,44
437,45,199,163,20
438,23,242,155,27
439,29,194,169,10
440,22,237,191,21
441,31,200,124,35
442,34,192,186,18
443,14,182,164,16
444,38,170,155,5
445,18,210,194,60
446,21,152,172,10
447,35,185,142,17
448,3,152,151,52
449,7,216,158,27
450,27,180,142,11
451,58,244,166,11
452,38,205,180,13
453,24,177,184,13
454,21,176,134,8
455,47,228,187,0
456,7,206,173,12
457,37,195,155,9
458,7,245,156,18
459,28,190,158,4
460,26,218,168,0
461,3,208,103,5
462,5,195,189,31
463,11,183,100,27
464,1,224,161,6
465,0,177,147,31
466,26,240,166,14
467,41,233,157,25
468,48,188,157,43
469,23,214,130,3
470,0,204,180,59
471,15,178,170,7
472,55,234,141,12
473,21,165,225,41
474,75,212,207,25
475,22,204,142,9
476,43,180,115,10
477,8,228,171,41
478,15,210,151,44
479,27,194,152,27
480,3,177,146,17
481,36,221,180,17
482,11,220,189,10
483,5,251,165,29
484,30,202,173,29
485,29,187,190,29
486,5,193,188,62
487,39,241,170,32
488,47,173,192,16
489,17,188,157,11
490,69,212,163,19
491,16,249,139,19
492,36,219,157,8
493,47,189,188,9
494,12,209,150,4
495,16,202,195,33
496,34,227,159,16
497,8,166,120,16
498,30,204,110,19
499,35,218,130,4
500,254,169,3,211
501,250,232,34,213
502,234,146,21,246
503,255,164,12,245
504,239,144,0,227
505,208,191,21,241
506,191,223,16,249
507,248,188,30,195
508,255,174,50,247
509,250,208,24,214
510,239,166,8,197
511,232,109,82,202
512,239,152,0,237
513,214,185,24,237
514,230,134,14,218
515,236,190,30,246
516,220,202,19,227
517,235,212,34,233
518,215,144,30,207
519,254,175,14,251
520,216,175,28,206
521,255,154,26,245
522,251,196,12,241
523,236,211,10,232
524,219,175,4,215
525,226,150,13,253
526,227,124,19,246
527,239,150,16,251
528,234,155,13,238
529,214,168,3,193
530,228,149,23,233
531,251,121,26,210
532,245,156,4,249
533,228,150,1,248
534,235,219,0,249
535,231,185,29,231
536,245,162,1,234
537,249,196,15,219
538,253,175,7,255
539,245,200,26,254
540,247,201,27,228
541,239,183,10,202
542,226,129,12,255
543,219,137,9,218
544,226,137,10,228
545,226,167,12,253
546,230,185,8,249
547,254,199,15,187
548,233,127,17,234
549,250,181,12,237
550,251,165,7,225
551,249,164,29,246
552,218,168,61,221
553,207,176,28,253
554,232,217,14,227
555,220,138,21,229
556,249,142,2,236
557,219,200,1,236
558,222,154,42,251
559,223,196,8,234
560,218,207,2,233
561,233,163,28,237
562,218,130,35,241
563,191,144,14,251
564,239,174,19,223
565,232,145,0,226
566,239,174,4,225
567,238,153,29,253
568,193,185,5,227
569,240,177,1,247
570,250,147,9,247
571,254,183,16,251
572,225,189,35,231
573,227,122,2,247
574,247,189,9,225
575,215,133,4,245
576,248,211,16,244
577,253,180,3,236
578,206,223,25,250
579,251,133,17,241
580,252,139,13,203
581,239,170,0,231
582,233,145,13,247
583,195,171,32,251
584,190,134,8,244
585,247,154,11,248
586,236,172,28,253
587,240,207,28,229
588,222,160,12,236
589,212,164,50,214
590,238,218,7,227
591,245,188,27,220
592,226,152,21,252
593,227,212,0,220
594,252,162,15,226
595,219,117,0,212
596,193,175,14,249
597,255,174,20,238
598,244,164,41,189
599,159,185,7,241
600,253,173,10,227
601,212,227,12,228
602,223,168,34,217
603,207,169,13,235
604,235,184,19,226
605,247,161,21,243
606,238,141,2,246
607,253,213,21,182
608,222,176,9,215
609,224,185,16,254
610,229,167,1,250
611,229,190,9,210
612,229,162,46,223
613,242,198,7,223
614,240,177,23,212
615,213,138,40,228
616,252,174,21,250
617,233,159,22,255
618,226,129,0,219
619,236,203,25,218
620,248,137,25,247
621,247,167,50,240
622,241,201,13,227
623,229,179,25,251
624,252,170,56,252
625,229,186,30,239
626,208,137,50,246
627,240,176,1,251
628,252,181,0,219
629,247,224,10,246
630,246,181,5,206
631,250,196,44,251
632,237,168,1,248
633,239,169,0,228
634,250,167,29,221
635,205,128,14,252
636,232,170,20,248
637,218,197,7,212
638,245,167,23,245
639,244,177,15,231
640,253,149,11,236
641,248,171,12,250
642,225,148,12,250
643,241,176,30,232
644,204,188,22,255
645,236,144,50,227
646,244,145,9,248
647,209,201,9,246
648,188,163,17,248
649,240,142,11,201
650,242,198,10,243
651,248,163,27,230
652,244,200,29,255
653,255,161,44,241
654,254,230,0,249
655,219,155,17,228
656,250,145,9,250
657,240,146,7,244
658,243,179,20,239
659,233,156,37,251
660,193,174,28,233
661,206,140,3,231
662,230,144,36,251
663,209,171,19,234
664,250,124,4,252
665,227,201,15,227
666,216,175,33,236
667,224,200,17,252
668,213,185,18,251
669,249,153,5,248
670,219,108,0,241
671,239,159,31,242
672,244,179,40,248
673,246,191,14,251
674,238,146,5,231
675,232,223,8,247
676,249,186,23,230
677,233,120,41,253
678,204,146,87,246
679,182,123,1,244
680,249,171,32,235
681,216,200,17,221
682,244,136,26,203
683,206,215,8,222
684,228,159,18,230
685,230,167,9,240
686,251,152,35,209
687,251,190,6,254
688,228,201,10,223
689,235,150,1,227
690,219,144,34,255
691,238,131,1,242
692,243,147,10,251
693,205,157,7,215
694,194,201,9,224
695,248,196,18,247
696,251,177,15,246
697,226,208,6,221
698,218,196,12,243
699,209,143,11,228
700,204,169,10,233
701,229,170,4,209
702,214,183,4,244
703,229,174,31,229
704,237,153,10,240
705,225,165,12,239
706,225,154,4,249
707,255,142,32,251
708,249,138,25,241
709,253,165,7,241
710,255,183,10,239
711,226,177,29,232
712,214,159,50,233
713,234,200,21,229
714,255,136,37,222
715,207,152,17,223
716,245,141,26,186
717,255,170,9,251
718,233,176,15,229
719,253,182,5,249
720,245,143,2,234
721,244,134,3,232
722,199,165,80,247
723,238,162,19,239
724,251,152,42,222
725,230,182,1,252
726,241,171,53,250
727,236,142,10,231
728,229,167,14,242
729,242,237,11,218
730,227,176,24,239
731,231,113,8,253
732,226,195,12,206
733,208,168,12,247
734,238,161,10,245
735,227,185,31,202
736,234,192,2,251
737,213,153,0,254
738,248,191,20,250
739,253,167,9,231
740,230,172,12,230
741,209,152,8,252
742,245,190,17,254
743,213,153,58,246
744,197,204,7,227
745,229,114,9,210
746,230,172,34,245
747,232,117,19,255
748,253,188,1,236
749,229,132,32,219
750,193,210,141,197
751,150,187,54,228
752,158,185,68,210
753,158,231,110,220
754,166,222,111,250
755,184,201,125,238
756,143,248,90,238
757,188,203,59,232
758,166,250,120,232
759,203,237,76,184
760,154,233,155,198
761,179,214,127,239
762,138,224,108,240
763,191,169,116,218
764,194,246,123,241
765,159,220,103,247
766,156,205,114,223
767,162,238,141,234
768,238,235,112,238
769,174,227,102,250
770,210,246,79,232
771,156,227,77,210
772,180,213,113,238
773,195,240,106,231
774,142,245,87,202
775,207,223,103,215
776,202,213,123,226
777,155,223,146,204
778,137,211,99,235
779,185,206,152,252
780,159,242,70,254
781,182,178,152,228
782,229,201,61,230
783,185,237,109,227
784,165,255,104,211
785,165,216,133,172
786,185,211,97,250
787,181,226,143,213
788,180,187,120,179
789,187,249,100,253
790,182,249,126,205
791,195,202,102,191
792,197,231,120,224
793,157,222,118,239
794,136,176,88,211
795,159,205,93,205
796,200,194,148,242
797,132,206,87,196
798,182,195,81,238
799,147,219,96,250
800,154,206,126,176
801,186,208,133,247
802,187,201,129,234
803,152,219,88,203
804,177,192,145,232
805,160,225,68,237
806,199,210,90,185
807,171,205,98,236
808,239,248,116,247
809,218,204,58,212
810,191,208,96,207
811,152,238,117,235
812,169,222,90,228
813,149,237,124,249
814,143,207,129,233
815,178,204,128,224
816,210,219,78,232
817,144,246,140,235
818,173,232,87,224
819,219,240,91,239
820,172,227,135,223
821,179,222,112,243
822,181,209,133,222
823,171,242,152,216
824,188,250,132,230
825,201,244,105,222
826,201,245,108,187
827,128,243,147,192
828,173,224,90,249
829,147,208,162,236
830,182,211,156,216
831,208,248,103,223
832,191,210,53,226
833,178,244,114,252
834,199,224,88,211
835,142,204,77,216
836,167,219,159,230
837,164,232,156,251
838,172,237,130,223
839,197,244,137,232
840,137,244,138,249
841,168,182,80,238
842,166,233,112,206
843,166,216,87,205
844,145,213,59,195
845,194,208,99,250
846,216,249,107,240
847,154,205,119,238
848,198,217,129,197
849,181,221,68,188
850,191,231,64,240
851,168,240,92,233
852,193,220,153,206
853,212,230,111,207
854,189,250,84,250
855,176,210,88,248
856,161,241,118,225
857,201,189,97,229
858,198,220,106,241
859,164,201,136,224
860,164,217,91,239
861,173,229,105,223
862,191,177,110,230
863,179,197,96,224
864,176,235,102,206
865,165,235,111,213
866,178,224,110,200
867,173,192,109,223
868,167,253,129,238
869,199,208,98,245
870,177,189,112,211
871,196,208,105,242
872,173,221,104,217
873,151,206,166,243
874,188,186,101,240
875,180,219,97,233
876,165,215,86,231
877,209,191,82,209
878,186,250,150,187
879,144,191,104,235
880,197,246,139,246
881,206,221,99,208
882,189,244,100,232
883,129,231,98,247
884,158,196,36,232
885,205,244,124,237
886,202,215,101,213
887,194,227,110,211
888,146,187,96,254
889,187,238,82,230
890,164,207,128,235
891,168,179,115,210
892,186,247,112,161
893,156,248,91,227
894,161,239,64,254
895,175,253,75,219
896,232,194,72,252
897,181,244,103,237
898,182,231,101,241
899,153,237,89,222
900,134,235,99,244
901,231,222,99,224
902,136,205,103,240
903,159,202,117,208
904,136,198,81,202
905,156,228,137,185
906,186,248,110,239
907,166,227,85,244
908,174,238,153,241
909,208,227,78,221
910,205,204,139,237
911,165,213,105,228
912,153,229,96,250
913,144,205,67,239
914,205,129,88,245
915,186,216,106,229
916,153,199,107,243
917,161,227,95,200
918,165,212,94,222
919,222,232,136,236
920,168,152,104,207
921,197,195,152,241
922,173,187,132,229
923,180,192,125,240
924,203,238,130,226
925,209,188,76,199
926,165,185,100,211
927,129,209,142,212
928,210,244,120,225
929,195,246,52,207
930,182,246,119,242
931,172,209,136,252
932,209,225,126,235
933,188,189,111,230
934,175,204,122,240
935,156,205,114,254
936,198,225,112,222
937,189,204,116,224
938,178,227,131,228
939,162,214,113,211
940,193,222,81,216
941,169,222,130,192
942,127,201,67,212
943,181,234,104,188
944,199,224,88,243
945,189,219,104,244
946,180,211,101,210
947,158,219,108,229
948,223,246,88,204
949,189,233,108,188
950,180,218,81,197
951,206,177,107,208
952,206,241,103,212
953,180,199,108,255
954,209,248,86,212
955,133,195,69,220
956,184,228,93,177
957,181,239,71,255
958,179,231,96,234
959,168,210,104,223
960,184,161,54,209
961,176,200,146,229
962,196,208,115,217
963,211,246,130,211
964,159,242,106,230
965,168,227,111,234
966,166,207,142,215
967,229,180,102,191
968,167,218,174,230
969,177,205,119,236
970,188,212,123,235
971,179,151,122,234
972,162,215,61,247
973,187,238,62,235
974,157,225,91,207
975,181,178,127,239
976,185,196,44,204
977,209,220,124,253
978,167,253,97,229
979,161,236,134,251
980,211,179,114,236
981,139,199,102,223
982,148,209,82,224
983,215,223,118,235
984,172,224,154,252
985,179,223,111,204
986,170,232,92,195
987,190,252,123,218
988,181,221,115,223
989,147,232,110,185
990,208,218,93,230
991,142,230,100,243
992,208,212,134,228
993,192,205,110,234
994,167,229,74,207
995,124,226,113,224
996,201,217,133,249
997,131,221,90,223
998,108,205,78,149
999,182,225,70,223
