0,56,44,156,13,209,97,190,238,44,186,94,244,178,101,148,21
1,138,112,118,224,180,254,124,230,239,209,198,50,29,213,141,164
2,131,1,21,222,114,83,163,39,167,243,182,20,13,210,53,109
3,210,218,34,1,194,24,253,203,249,172,197,203,157,63,187,244
4,35,171,94,165,153,214,228,175,102,134,115,122,157,82,126,95
5,33,217,62,226,51,182,178,142,33,107,141,81,43,181,215,164
6,101,240,156,57,215,98,227,119,68,160,232,153,155,238,50,251
7,20,115,90,211,81,245,123,109,218,114,230,2,97,34,190,116
8,49,34,241,210,139,45,155,82,76,176,101,245,255,137,50,7
9,235,33,68,145,219,68,94,106,48,159,26,186,28,33,84,127
10,109,146,68,200,195,39,88,38,135,3,112,179,67,102,83,6
11,234,155,41,237,89,4,85,239,227,84,100,3,253,60,44,75
12,255,217,95,80,145,82,55,46,13,92,11,79,56,52,131,112
13,154,193,92,191,17,204,14,201,14,183,164,140,51,235,210,75
14,245,124,0,191,81,17,202,202,210,2,120,240,102,39,196,157
15,110,31,67,152,50,212,31,241,182,174,217,127,17,227,27,79
16,58,111,64,204,80,212,124,96,174,197,7,218,120,148,129,221
17,57,128,232,178,169,10,50,166,235,20,221,49,240,38,23,106
18,117,226,236,78,112,184,38,210,33,132,103,138,59,159,178,69
19,10,40,175,161,33,87,167,91,214,164,237,191,230,97,12,193
20,130,252,62,3,39,134,86,255,90,160,250,232,160,104,90,173
21,228,26,178,74,177,126,36,240,80,36,110,3,189,20,19,215
22,3,215,117,209,124,162,213,222,242,246,177,35,86,74,214,92
23,204,3,65,151,188,54,163,199,106,62,124,110,196,2,187,189
24,149,106,224,16,100,95,213,156,238,194,236,171,101,154,129,231
25,190,49,5,105,117,221,113,25,127,154,188,64,226,103,82,188
26,28,194,190,74,22,62,94,92,116,13,225,200,100,120,50,190
27,250,47,79,86,154,96,158,45,54,179,242,167,127,121,51,236
28,177,19,144,8,194,151,106,248,199,2,1,87,175,34,11,243
29,40,115,3,153,208,195,104,216,13,219,224,55,181,179,179,65
30,168,37,72,21,62,39,59,94,245,203,238,40,50,85,26,164
31,232,169,171,207,56,218,29,205,217,5,232,72,75,107,32,124
32,57,154,224,205,28,13,96,253,206,94,103,123,60,50,88,163
33,48,15,56,240,172,162,229,62,195,186,238,181,10,42,85,161
34,62,142,217,225,173,168,246,186,141,196,199,27,229,50,115,200
35,15,121,214,9,36,205,18,85,75,211,8,122,204,83,100,74
36,154,12,22,38,110,228,152,0,198,95,129,163,126,156,245,115
37,76,91,120,57,211,241,89,245,184,102,109,180,233,146,209,123
38,172,221,167,226,107,115,134,93,13,160,35,90,136,13,57,197
39,95,125,123,108,101,221,131,81,154,108,42,132,102,146,234,91
40,115,55,238,21,6,99,133,50,219,191,94,53,194,125,188,7
41,77,191,243,89,245,159,24,211,176,162,28,76,121,127,169,102
42,186,185,183,76,174,171,234,237,45,228,146,125,192,89,63,190
43,217,119,35,67,38,176,117,210,231,34,178,215,209,204,184,139
44,246,75,165,107,3,22,103,96,106,77,98,142,140,32,59,246
45,150,232,140,246,241,195,227,160,185,55,238,220,54,202,252,191
46,47,80,142,5,236,30,1,158,247,239,202,62,216,8,53,60
47,93,86,49,136,157,198,24,91,164,227,49,94,233,126,67,126
48,146,180,61,163,14,45,197,236,21,12,56,97,59,45,87,198
49,143,46,113,92,96,136,182,33,7,170,73,123,95,74,123,192
50,25,83,16,159,61,199,169,76,117,69,52,243,251,206,236,80
51,198,199,19,227,54,133,52,6,15,9,68,10,190,214,4,215
52,212,54,8,242,80,31,43,7,11,161,0,89,232,12,43,44
53,89,67,240,163,91,99,205,99,19,48,137,168,170,203,153,206
54,79,47,174,139,234,144,26,217,159,17,195,79,187,178,214,250
55,62,253,193,247,252,140,210,244,244,111,179,160,230,205,72,166
56,144,72,109,163,172,135,33,40,152,237,190,240,139,143,50,152
57,202,30,148,24,137,127,248,69,249,225,185,53,52,72,2,17
58,56,142,199,147,81,79,125,198,136,231,251,94,203,206,205,197
59,207,191,106,227,65,64,37,243,165,200,208,203,17,126,68,26
60,65,181,240,171,60,72,107,206,242,249,12,146,88,220,163,236
61,153,42,116,225,99,114,31,64,16,45,154,119,178,99,76,63
62,210,18,83,139,244,10,205,11,205,203,70,197,10,90,17,173
63,62,181,118,13,139,159,190,109,56,47,23,104,214,191,107,121
64,182,116,119,125,6,234,128,115,69,21,6,253,98,146,27,135
65,218,175,211,226,193,37,15,117,207,145,220,181,225,27,234,181
66,241,79,203,77,219,114,238,51,60,116,126,62,185,247,145,66
67,27,241,183,36,182,78,236,139,9,255,12,17,198,248,0,73
68,238,197,214,37,247,58,74,201,1,64,123,217,127,51,124,129
69,178,126,240,232,163,14,135,245,229,139,157,212,60,200,97,197
70,204,7,78,234,39,170,12,182,201,210,193,90,8,52,108,8
71,27,193,224,104,101,237,111,168,114,229,91,242,191,60,228,202
72,70,141,146,153,28,45,27,53,103,203,92,157,100,205,17,50
73,73,226,33,9,56,154,131,75,150,203,48,71,230,79,185,72
74,190,170,8,36,239,66,49,147,184,208,128,124,203,86,178,25
75,170,182,64,49,168,164,97,245,203,52,55,208,122,163,180,167
76,217,245,232,83,26,255,239,136,87,60,106,167,11,224,241,240
77,5,199,42,80,41,222,198,73,92,174,17,60,227,159,50,115
78,74,16,220,35,87,121,39,44,8,87,201,23,136,101,107,9
79,192,243,181,180,227,241,98,99,164,124,251,95,94,222,17,229
80,38,67,24,39,236,147,225,248,93,116,39,161,79,138,165,21
81,248,40,211,158,34,138,165,13,193,235,48,11,131,100,56,234
82,101,117,72,108,235,188,140,92,35,152,221,47,172,108,216,9
83,250,182,231,12,252,191,255,210,73,92,7,199,146,21,59,22
84,247,248,235,88,213,18,235,95,254,17,6,25,212,235,8,63
85,156,188,193,213,155,21,20,82,125,140,101,230,23,3,146,12
86,248,180,143,21,54,107,51,215,204,138,251,23,23,9,247,69
87,236,42,189,123,191,177,101,120,118,148,223,125,77,248,225,207
88,131,42,119,238,159,206,223,176,67,21,214,98,35,206,106,212
89,197,226,139,61,225,50,240,243,211,33,55,195,224,210,219,142
90,162,200,30,61,158,209,188,192,73,178,113,106,212,51,69,138
91,182,109,21,244,141,180,69,139,94,97,141,71,104,31,52,86
92,216,35,41,76,19,96,164,179,140,202,117,179,13,150,247,194
93,212,205,18,38,97,125,139,188,50,51,219,142,66,142,48,68
94,199,130,53,194,124,109,114,131,212,38,233,81,34,62,195,42
95,219,226,186,225,64,207,3,46,224,7,60,144,45,156,61,150
96,123,62,14,9,174,11,173,2,151,226,193,133,76,95,86,131
97,51,240,28,212,45,107,118,112,11,250,109,150,53,22,41,60
98,202,137,205,58,117,109,99,244,69,209,251,253,175,43,56,23
99,85,184,158,42,86,52,32,150,8,173,28,248,109,216,108,82
