0,150,60,118,118,69,178,18,62
1,236,78,29,47,173,246,110,152
2,16,4,175,42,34,9,115,206
3,82,219,43,208,80,70,202,92
4,18,35,229,130,255,33,248,123
5,91,193,211,48,72,111,122,77
6,21,67,119,157,0,22,15,88
7,95,117,214,8,204,109,195,237
8,128,240,60,105,194,88,192,136
9,105,154,112,32,41,77,190,72
10,172,35,229,160,136,23,214,78
11,85,229,226,141,212,27,2,62
12,55,108,17,242,87,80,252,18
13,179,29,243,68,131,230,62,42
14,57,11,167,116,201,196,239,228
15,87,53,31,194,57,187,27,234
16,98,154,88,192,151,47,53,41
17,135,191,109,207,95,139,246,167
18,32,38,88,102,24,125,0,93
19,62,54,32,151,72,100,36,237
20,78,216,168,154,55,223,37,56
21,239,209,203,177,204,118,228,235
22,17,120,153,61,166,245,79,142
23,185,238,107,202,207,179,48,241
24,220,133,72,171,70,114,217,188
25,6,63,147,249,224,37,12,118
26,196,163,63,237,14,238,250,120
27,244,73,218,15,68,59,8,78
28,159,143,147,63,236,203,41,87
29,19,225,7,87,27,149,9,216
30,153,233,9,3,97,106,219,105
31,73,174,177,146,123,45,166,52
32,40,125,46,135,224,4,26,166
33,239,234,76,61,156,221,146,233
34,167,219,111,83,38,238,130,41
35,121,223,227,83,127,148,240,126
36,240,107,140,203,22,35,161,100
37,52,223,237,31,175,190,138,226
38,176,67,2,95,212,69,218,189
39,240,178,3,225,249,193,56,185
40,115,123,67,163,35,140,60,99
41,175,177,96,68,61,132,11,230
42,123,188,213,249,69,67,231,42
43,144,31,115,244,189,88,244,213
44,244,63,178,172,224,193,252,201
45,169,96,242,200,136,218,248,124
46,29,137,129,170,167,24,44,207
47,133,37,49,96,226,128,65,1
48,102,144,125,55,197,217,99,28
49,104,186,166,36,201,0,134,117
50,170,22,49,75,91,159,41,198
51,164,252,232,235,253,189,161,53
52,255,100,78,116,118,77,170,159
53,136,173,139,231,36,226,81,183
54,201,184,71,102,91,52,135,217
55,209,40,167,120,243,233,125,238
56,250,16,121,162,19,124,229,118
57,145,175,248,3,118,154,110,130
58,188,26,13,206,138,147,86,123
59,241,214,202,18,224,217,228,142
60,245,132,221,178,183,123,139,27
61,93,185,66,50,123,205,247,152
62,68,228,248,241,139,54,248,83
63,223,19,151,93,158,33,19,242
64,135,252,167,236,186,170,216,161
65,200,88,97,2,205,126,165,211
66,249,21,253,111,135,190,40,216
67,241,93,11,211,92,127,49,173
68,117,164,92,18,38,139,156,63
69,34,82,4,251,61,178,225,177
70,131,145,118,106,112,219,160,111
71,126,250,84,110,214,108,218,119
72,21,178,181,125,228,94,222,173
73,240,103,150,94,3,136,216,63
74,67,105,22,16,64,61,229,163
75,250,183,135,34,162,81,226,66
76,83,115,210,186,39,6,232,203
77,117,151,183,2,74,48,22,253
78,223,79,117,231,167,10,176,222
79,11,109,248,192,23,225,223,132
80,235,209,54,32,137,176,52,24
81,132,145,162,213,149,70,23,42
82,60,202,165,83,192,87,123,56
83,50,227,206,175,77,26,233,39
84,64,206,25,231,106,192,181,114
85,22,166,10,113,117,23,100,250
86,90,149,93,218,50,39,172,206
87,122,127,68,254,183,101,43,170
88,98,108,141,58,1,127,4,164
89,50,222,221,80,38,69,169,62
90,163,186,49,168,83,111,225,41
91,175,87,29,94,209,101,170,239
92,189,148,236,201,166,21,240,70
93,151,151,135,35,121,81,82,251
94,26,221,96,199,192,160,228,46
95,158,6,197,115,112,223,204,47
96,240,110,29,78,219,70,236,98
97,179,64,26,192,156,146,36,101
98,247,66,174,158,236,52,178,33
99,225,234,168,253,34,83,41,169
100,76,171,42,161,136,108,222,109
101,94,168,234,45,58,3,89,204
102,44,0,212,41,47,191,53,45
103,176,33,52,104,44,177,22,113
104,126,75,168,181,242,68,211,8
105,229,95,29,76,120,134,193,253
106,83,240,251,107,198,12,14,4
107,61,243,22,51,163,181,112,240
108,223,78,105,33,237,241,11,17
109,213,179,171,160,64,250,90,130
110,132,206,206,163,81,181,10,253
111,25,250,26,181,20,110,47,149
112,244,231,6,157,192,212,243,128
113,29,181,74,177,118,203,246,90
114,148,15,155,187,74,200,183,81
115,35,175,73,189,83,97,49,46
116,140,151,185,3,79,152,117,144
117,230,227,214,142,115,81,84,153
118,62,236,255,112,241,237,148,212
119,122,199,176,151,216,213,208,111
120,14,197,5,71,240,17,44,185
121,199,218,155,232,104,165,73,119
122,179,37,176,192,53,145,110,198
123,5,226,92,224,56,200,176,40
124,117,74,178,238,129,90,252,240
125,180,166,30,80,21,85,90,76
126,26,240,201,11,20,153,77,44
127,243,19,3,199,61,1,80,168
128,103,112,153,133,54,181,138,188
129,59,29,206,13,84,120,103,246
130,107,173,53,123,248,23,148,58
131,211,188,230,28,11,208,230,200
132,1,228,190,141,158,183,17,143
133,143,221,43,14,5,177,202,47
134,66,186,158,31,131,133,180,69
135,171,60,87,203,236,233,232,44
136,202,37,68,115,98,52,29,247
137,211,82,218,130,205,142,124,82
138,20,18,120,76,96,3,7,197
139,160,249,126,37,38,235,235,37
140,73,224,163,239,62,114,164,17
141,50,87,47,127,51,210,193,7
142,73,15,151,179,136,31,76,230
143,156,54,197,146,121,15,55,207
144,200,195,193,121,179,33,0,211
145,69,234,162,85,145,32,199,96
146,199,236,213,190,122,160,64,32
147,139,72,123,22,172,109,155,204
148,197,71,75,36,237,148,78,153
149,56,122,185,242,98,143,214,228
150,101,119,79,155,249,207,220,97
151,150,149,36,65,181,125,12,58
152,129,239,238,135,108,200,170,134
153,63,66,227,232,102,159,113,2
154,191,121,174,149,180,209,177,67
155,234,239,250,232,252,35,122,75
156,65,122,211,25,219,167,201,49
157,211,64,195,146,34,19,10,122
158,251,85,0,31,120,127,233,206
159,139,199,36,79,54,250,108,18
160,183,136,247,144,169,18,125,30
161,56,59,108,210,53,54,164,37
162,244,89,167,28,70,63,100,73
163,172,170,26,35,88,44,221,248
164,12,60,207,184,212,55,147,130
165,200,100,11,236,11,254,4,187
166,82,70,216,237,249,110,121,148
167,20,158,183,215,36,130,213,97
168,32,75,191,75,115,161,147,217
169,142,8,139,5,102,151,223,246
170,1,138,35,176,209,195,216,146
171,8,207,133,219,209,14,77,252
172,102,0,219,66,115,149,228,195
173,164,215,158,179,62,210,132,175
174,157,183,153,69,134,62,13,34
175,63,17,174,48,71,253,200,65
176,244,192,137,43,19,49,205,180
177,221,68,195,54,127,253,143,94
178,64,163,249,142,73,27,34,33
179,98,182,45,220,120,15,52,155
180,52,113,97,239,149,207,217,235
181,54,116,177,198,28,153,25,143
182,57,199,112,103,67,70,227,249
183,145,62,158,188,81,53,140,194
184,192,104,232,163,168,52,31,58
185,148,71,189,129,252,122,230,187
186,46,78,111,226,18,217,70,65
187,115,86,82,40,197,205,186,190
188,235,64,162,202,15,246,227,30
189,69,243,173,117,67,202,26,27
190,41,92,13,61,179,28,113,230
191,80,176,1,5,109,15,55,25
192,112,39,227,157,250,183,34,153
193,210,183,121,76,110,117,235,217
194,9,5,122,19,110,141,222,99
195,177,45,193,166,71,18,242,189
196,199,44,5,205,161,152,117,102
197,141,28,134,8,206,115,216,56
198,221,129,4,77,58,104,38,135
199,13,224,154,15,8,1,242,3
200,168,237,96,60,143,123,223,240
201,123,88,195,111,216,123,217,41
202,174,12,49,80,23,58,237,66
203,250,96,90,24,141,238,62,103
204,53,81,157,64,44,131,243,157
205,242,57,74,129,207,158,25,197
206,43,2,97,227,227,244,103,10
207,109,248,20,234,224,203,129,114
208,77,163,211,213,254,91,225,226
209,146,41,225,153,73,63,173,62
210,191,173,139,91,42,4,7,65
211,122,33,207,85,87,13,245,74
212,135,178,248,87,35,195,224,164
213,250,203,247,163,9,250,203,182
214,149,71,132,126,103,247,204,50
215,44,218,232,141,79,108,9,116
216,89,87,35,48,133,227,126,103
217,208,171,139,244,184,229,4,134
218,255,179,90,158,73,27,171,17
219,211,80,167,185,252,80,75,64
220,227,2,34,13,67,224,75,206
221,136,126,137,57,240,192,253,110
222,201,109,61,127,106,169,161,147
223,107,94,125,231,214,91,20,96
224,234,167,215,4,220,56,105,222
225,125,126,23,10,36,134,42,62
226,244,38,130,110,0,241,224,140
227,133,95,129,219,27,161,116,53
228,116,178,245,66,134,96,126,151
229,207,88,79,150,226,223,15,87
230,92,163,38,23,7,16,161,25
231,54,216,139,55,237,254,220,59
232,147,104,128,178,74,47,128,91
233,136,47,241,237,235,253,118,177
234,196,67,118,159,103,165,22,221
235,153,117,150,134,134,15,14,49
236,216,60,164,26,84,131,237,148
237,144,51,125,98,166,92,50,187
238,207,198,57,113,143,15,249,197
239,76,221,189,159,11,94,203,98
240,235,155,98,69,249,180,217,61
241,224,79,72,152,107,232,220,177
242,91,189,241,81,11,176,67,220
243,134,212,123,234,110,32,196,162
244,211,173,128,152,253,69,101,161
245,141,106,251,152,39,1,22,223
246,207,59,176,35,145,180,128,174
247,39,65,146,251,244,38,72,118
248,96,140,94,176,138,98,17,251
249,11,192,6,152,219,242,199,76
250,199,50,242,249,12,220,65,177
251,91,119,36,19,206,107,54,230
252,64,111,7,122,105,156,118,85
253,70,206,127,207,113,62,227,89
254,179,10,28,214,26,205,58,69
255,68,97,131,245,72,208,181,130
256,66,72,33,71,233,105,218,58
257,254,81,252,240,106,92,43,200
258,216,236,244,179,134,106,110,183
259,40,250,38,158,26,113,32,17
260,59,90,42,92,13,245,39,180
261,237,220,212,190,235,84,114,175
262,62,60,192,59,61,175,21,215
263,174,161,96,90,74,38,192,104
264,24,65,134,129,99,168,201,24
265,55,136,89,61,152,193,224,222
266,3,214,104,205,53,139,136,155
267,163,186,55,176,41,174,190,250
268,153,246,221,15,33,250,225,29
269,161,46,121,3,213,186,189,42
270,158,113,44,49,213,75,230,74
271,196,48,247,178,239,243,222,134
272,49,62,73,243,247,14,101,194
273,20,190,91,30,212,30,52,47
274,130,191,113,147,85,4,202,188
275,20,59,243,39,99,250,115,129
276,148,17,219,57,19,137,155,127
277,229,44,103,37,5,198,157,243
278,175,192,22,54,140,126,170,32
279,63,14,244,18,43,250,26,162
280,110,129,234,140,237,58,117,68
281,107,108,63,214,89,28,197,0
282,175,205,223,96,203,41,81,209
283,124,201,223,20,42,21,178,29
284,189,129,181,52,58,250,79,200
285,90,5,44,222,226,148,186,105
286,119,209,115,18,27,153,1,187
287,128,76,3,50,124,52,22,17
288,90,56,219,21,169,91,142,156
289,102,191,119,52,74,146,147,53
290,174,63,102,231,135,2,177,199
291,250,91,167,109,139,138,30,157
292,42,53,27,38,205,152,161,150
293,180,221,58,154,161,44,194,191
294,232,55,215,199,210,58,238,219
295,18,148,52,195,184,62,85,36
296,117,38,235,236,194,76,224,5
297,146,112,26,181,11,83,91,132
298,66,100,28,196,43,194,220,225
299,121,187,165,4,38,186,249,59
300,232,125,99,102,20,104,210,43
301,246,66,121,66,192,233,229,211
302,228,12,7,190,90,84,214,96
303,120,228,154,7,22,24,188,205
304,196,140,237,3,81,247,73,144
305,68,208,149,237,228,47,41,246
306,246,216,48,69,233,114,56,28
307,149,226,160,188,94,62,193,223
308,171,151,88,15,224,32,236,153
309,231,224,26,63,195,36,131,68
310,118,206,218,49,188,128,188,75
311,49,154,48,158,124,24,94,140
312,165,87,166,28,138,240,155,241
313,38,35,161,44,214,62,50,155
314,122,0,229,124,174,224,5,207
315,194,161,209,252,192,121,30,168
316,191,122,65,233,61,107,50,58
317,204,117,168,190,49,22,41,209
318,90,118,80,218,160,143,193,2
319,2,179,251,164,13,33,128,149
320,222,139,243,71,140,90,51,145
321,21,44,114,94,188,103,229,133
322,67,194,207,137,130,209,245,141
323,184,128,33,105,183,109,2,187
324,54,225,47,123,100,105,205,91
325,97,0,93,55,207,3,193,237
326,182,215,238,227,215,86,226,206
327,126,77,109,3,244,31,223,59
328,235,237,55,158,123,1,194,223
329,56,4,41,56,164,35,73,1
330,107,133,73,41,48,111,15,70
331,23,230,176,213,111,217,22,68
332,91,150,130,115,246,108,184,49
333,15,57,177,51,30,160,16,157
334,32,57,85,15,30,190,245,155
335,205,109,3,6,108,182,51,154
336,144,240,3,68,206,187,93,227
337,89,48,140,151,111,140,140,15
338,210,104,51,130,37,247,202,165
339,83,120,149,123,9,137,88,199
340,95,254,183,56,105,246,245,10
341,101,68,46,77,20,186,102,141
342,219,51,33,42,30,21,234,0
343,184,3,46,49,21,66,254,126
344,170,220,3,162,233,9,201,12
345,125,237,238,40,170,158,220,30
346,127,192,235,47,153,170,108,184
347,218,190,224,111,4,245,8,165
348,78,227,112,210,191,253,243,189
349,211,159,130,125,28,29,149,108
350,89,198,254,180,180,156,71,120
351,237,41,109,87,121,9,137,142
352,61,64,36,226,236,243,13,69
353,185,201,107,77,172,190,127,5
354,62,209,131,147,241,251,170,203
355,126,7,219,85,233,15,205,228
356,58,130,193,255,126,100,66,91
357,157,93,210,152,81,189,42,133
358,249,184,9,210,120,83,229,233
359,137,169,184,235,218,181,46,181
360,198,153,2,175,202,41,62,67
361,81,118,86,66,242,135,39,55
362,130,204,69,94,100,0,131,141
363,25,138,145,88,56,100,24,60
364,174,209,184,149,220,194,128,34
365,25,145,75,27,248,27,226,151
366,11,51,98,118,121,15,243,98
367,226,194,28,155,65,6,224,202
368,202,59,144,49,158,101,142,24
369,8,216,234,131,185,204,136,69
370,134,7,99,97,223,31,98,112
371,123,204,140,91,146,106,206,96
372,95,16,41,29,60,88,134,173
373,34,8,244,42,62,238,95,238
374,11,154,14,210,74,198,46,31
375,139,38,159,32,198,209,240,123
376,170,132,3,74,62,4,152,4
377,193,97,64,111,223,225,48,144
378,170,123,246,152,40,254,122,72
379,143,65,215,116,43,31,43,132
380,26,146,181,179,220,89,215,100
381,211,58,194,217,55,9,32,190
382,38,170,10,0,64,26,101,201
383,160,69,100,87,31,50,16,117
384,173,62,253,21,14,236,242,134
385,80,156,124,48,250,34,156,68
386,24,127,59,120,70,180,100,49
387,197,48,68,155,113,219,236,40
388,246,199,24,32,205,99,77,50
389,129,124,232,176,22,130,182,188
390,250,209,173,242,249,47,52,244
391,78,199,11,147,108,4,159,207
392,84,81,246,161,23,164,248,173
393,149,4,70,223,184,186,142,148
394,159,194,6,125,33,53,253,172
395,183,215,233,165,247,107,177,33
396,196,135,178,54,37,66,11,112
397,240,116,108,116,169,29,58,247
398,145,205,60,161,32,184,3,232
399,151,87,83,54,68,153,42,176
400,235,172,231,239,90,187,221,171
401,213,23,118,233,122,172,166,48
402,215,132,132,245,104,4,136,4
403,21,207,232,117,168,101,167,229
404,190,162,79,117,115,237,166,26
405,203,205,246,35,25,236,5,238
406,168,132,198,117,115,69,68,153
407,98,162,255,131,254,178,54,59
408,88,110,53,46,100,97,247,163
409,82,170,10,182,48,23,52,0
410,129,25,46,16,181,34,7,235
411,201,169,108,116,45,194,109,16
412,121,165,54,222,119,199,153,64
413,96,42,230,69,230,62,167,240
414,42,33,65,248,2,209,242,240
415,187,157,245,181,65,181,69,184
416,42,86,217,62,33,75,77,189
417,35,122,86,137,117,194,82,28
418,36,155,11,43,242,58,220,94
419,103,221,241,68,157,177,55,47
420,19,232,110,25,17,29,237,184
421,148,88,163,104,29,193,23,174
422,246,111,223,190,185,150,78,72
423,96,5,163,83,204,36,26,253
424,236,106,203,100,244,205,104,119
425,75,2,121,175,236,220,53,8
426,241,236,35,95,253,23,168,198
427,202,224,191,184,102,181,60,201
428,166,219,76,205,121,228,44,10
429,31,194,46,233,222,235,50,27
430,214,117,174,152,33,24,223,47
431,138,37,160,200,137,85,68,21
432,178,230,175,79,7,64,96,53
433,18,139,12,216,220,13,205,42
434,227,236,61,78,140,76,102,90
435,8,146,179,6,123,246,82,170
436,247,143,59,62,177,188,142,170
437,0,38,246,251,15,163,107,126
438,203,77,111,251,102,117,175,108
439,242,215,141,51,211,105,224,46
440,237,97,188,81,226,154,39,19
441,158,130,22,199,12,179,143,131
442,28,251,218,45,80,37,207,188
443,143,218,60,62,196,220,223,106
444,101,129,201,44,61,45,103,98
445,59,134,232,232,94,37,195,211
446,132,71,174,179,152,248,200,57
447,25,203,59,132,3,132,160,189
448,120,66,230,225,63,82,30,245
449,205,11,65,49,225,113,148,173
450,136,172,107,23,92,220,240,225
451,153,143,162,0,192,229,245,55
452,28,167,237,241,17,37,213,4
453,202,91,195,154,124,42,0,94
454,33,60,35,203,52,224,247,202
455,214,5,7,200,63,67,20,235
456,234,96,76,79,28,128,219,220
457,71,210,68,228,181,243,239,15
458,190,199,210,150,199,0,17,45
459,200,150,133,112,127,186,193,223
460,130,185,149,217,203,186,173,98
461,221,10,167,92,152,83,36,135
462,53,49,70,191,229,122,195,12
463,23,164,131,198,134,116,46,60
464,37,248,221,205,18,54,64,113
465,222,34,160,46,123,245,60,87
466,28,130,22,115,144,41,205,214
467,26,72,160,108,192,139,43,24
468,234,190,111,196,37,39,173,118
469,76,151,238,230,27,201,31,244
470,5,42,44,231,137,102,179,166
471,237,230,86,209,249,13,7,123
472,41,207,72,163,234,40,193,222
473,32,52,137,127,148,139,126,56
474,45,250,95,190,198,232,114,133
475,7,23,203,1,107,164,192,10
476,131,216,243,5,167,12,230,216
477,82,150,55,155,169,45,203,223
478,8,78,160,34,117,47,199,61
479,214,103,90,220,107,100,233,224
480,31,165,34,176,107,131,248,216
481,51,197,30,80,241,169,51,94
482,68,242,51,35,231,242,161,57
483,240,107,63,31,48,65,215,24
484,135,77,173,120,162,239,110,112
485,134,98,188,19,86,183,30,181
486,167,57,127,201,252,19,54,240
487,64,168,4,210,43,164,144,124
488,176,217,81,40,118,18,113,244
489,236,234,217,71,108,232,168,168
490,96,203,236,112,135,148,43,99
491,197,206,21,144,127,171,245,233
492,175,211,201,230,90,246,75,102
493,18,141,227,223,39,164,162,231
494,62,161,81,214,45,23,112,31
495,86,208,5,42,17,135,181,222
496,144,90,183,145,86,156,186,57
497,40,30,65,161,100,144,145,163
498,75,194,118,105,53,94,46,80
499,239,71,12,45,173,138,121,178
500,223,29,218,159,133,238,164,83
501,41,148,17,139,205,217,44,12
502,91,42,35,86,221,84,92,102
503,6,178,42,188,201,77,213,2
504,80,210,29,252,86,128,173,238
505,97,158,221,207,154,222,224,68
506,249,106,71,207,158,22,117,192
507,114,4,136,82,97,131,124,192
508,25,163,233,89,249,133,44,178
509,197,212,188,235,162,202,208,52
510,66,130,163,19,235,136,208,231
511,75,13,127,215,99,240,49,120
512,111,11,91,137,146,153,3,174
513,140,244,103,99,79,137,218,221
514,42,102,153,176,240,229,21,210
515,95,54,214,150,67,5,250,62
516,173,175,185,75,159,199,213,145
517,154,187,190,151,228,165,25,132
518,168,193,120,132,192,226,87,193
519,176,17,178,148,26,159,25,202
520,168,162,196,31,18,89,32,185
521,44,206,61,49,158,141,108,92
522,74,103,231,246,130,199,77,26
523,116,61,176,188,231,107,58,65
524,167,170,87,140,173,230,184,134
525,82,60,229,183,49,183,126,15
526,182,255,220,247,22,22,44,217
527,34,35,183,111,100,116,114,42
528,134,239,210,109,20,44,33,132
529,173,17,19,181,24,49,199,191
530,143,100,164,49,180,56,163,11
531,8,4,249,237,248,77,113,17
532,130,165,225,177,22,47,74,217
533,0,131,200,6,69,17,26,237
534,73,51,123,2,255,168,119,216
535,237,222,165,26,62,106,124,89
536,48,45,10,35,172,22,44,138
537,251,46,230,185,163,77,45,209
538,94,24,55,166,23,41,65,150
539,52,167,199,40,167,24,169,179
540,24,35,146,166,62,82,197,254
541,223,233,216,22,246,117,161,153
542,116,74,134,45,35,126,204,110
543,14,88,222,146,181,152,215,207
544,125,235,46,115,143,142,252,96
545,92,177,46,59,147,212,16,32
546,230,188,53,157,206,41,150,9
547,55,86,160,253,82,230,234,174
548,206,41,11,210,241,219,217,62
549,70,35,176,216,110,118,150,134
550,59,135,19,226,72,173,236,207
551,181,166,111,116,184,161,201,39
552,64,181,161,206,42,166,176,2
553,134,22,82,142,8,150,99,59
554,3,4,219,236,53,215,50,48
555,37,122,255,126,120,150,156,26
556,13,132,221,110,150,244,153,174
557,224,187,172,95,171,230,195,249
558,155,29,181,151,25,139,191,123
559,15,154,176,149,29,116,200,200
560,223,254,21,223,251,97,219,106
561,248,223,85,197,138,77,50,37
562,95,85,200,197,194,147,230,189
563,199,21,20,118,222,35,50,229
564,231,87,85,38,161,100,170,94
565,39,189,184,228,54,121,236,35
566,194,6,87,62,35,250,150,56
567,80,208,41,211,243,62,60,203
568,26,76,116,200,28,89,208,90
569,148,228,208,85,230,226,122,19
570,207,73,249,198,45,103,34,222
571,203,104,199,221,255,56,11,96
572,19,230,132,244,77,207,177,202
573,26,178,98,17,37,173,200,124
574,149,36,85,243,32,253,166,90
575,247,231,182,46,15,160,134,40
576,36,164,11,163,33,156,50,116
577,117,232,29,250,73,243,58,101
578,248,96,255,66,211,64,145,41
579,40,211,253,144,185,13,156,4
580,18,162,141,63,137,51,1,140
581,54,204,48,128,83,242,56,89
582,111,153,215,229,120,130,201,63
583,92,11,226,28,209,45,71,28
584,238,51,241,61,37,200,191,135
585,7,106,206,223,155,157,206,219
586,42,4,128,209,88,84,249,184
587,199,253,21,66,53,122,213,125
588,168,113,41,57,48,170,137,76
589,174,93,43,130,222,19,186,198
590,31,101,107,135,5,118,121,20
591,116,180,146,29,55,24,234,215
592,186,62,183,16,33,112,99,34
593,98,187,93,254,31,128,134,21
594,133,192,234,28,141,214,90,136
595,106,51,176,181,25,80,201,246
596,136,62,120,119,128,101,3,245
597,228,138,186,40,229,217,34,161
598,45,61,224,252,26,13,18,210
599,218,174,227,146,41,52,97,95
600,231,71,77,136,129,184,130,101
601,224,81,31,204,78,8,120,69
602,85,188,115,236,150,229,75,32
603,215,14,174,47,239,237,145,157
604,70,192,6,214,200,243,100,34
605,31,60,174,130,128,245,141,242
606,83,168,96,197,195,92,79,131
607,24,87,74,208,255,37,53,190
608,8,125,47,119,247,53,138,18
609,246,86,118,25,239,246,152,46
610,182,119,79,115,75,185,153,111
611,64,85,116,44,213,26,115,115
612,132,136,26,145,98,182,132,206
613,136,87,149,41,254,39,157,132
614,70,94,201,172,76,28,6,197
615,48,39,250,121,86,218,197,105
616,46,102,206,219,144,11,190,222
617,75,131,67,55,121,35,15,91
618,115,196,46,225,222,22,37,238
619,231,30,109,86,102,28,75,76
620,103,75,59,165,227,172,21,77
621,92,42,81,2,102,164,233,191
622,173,222,74,244,8,197,41,131
623,98,111,135,14,22,69,211,236
624,124,201,61,213,8,77,70,3
625,19,44,153,97,174,139,209,150
626,35,6,243,40,191,248,1,255
627,13,56,202,187,234,14,48,34
628,68,110,254,104,146,104,201,116
629,105,35,227,70,42,194,183,193
630,106,75,58,198,77,212,4,255
631,55,95,196,197,191,80,67,207
632,245,219,22,233,93,158,125,18
633,163,150,176,92,117,146,117,168
634,143,170,175,15,192,130,208,146
635,20,197,138,62,191,118,87,152
636,146,208,15,106,28,81,198,18
637,197,197,131,194,43,214,242,183
638,20,136,52,219,194,95,185,16
639,197,73,232,158,248,21,39,194
640,143,169,169,121,167,13,126,0
641,79,139,19,97,245,143,70,72
642,79,223,222,128,123,48,101,4
643,234,38,183,83,6,34,62,197
644,24,213,125,145,132,40,81,154
645,197,214,240,97,242,101,94,118
646,186,149,112,110,220,227,1,161
647,60,35,239,187,90,86,2,5
648,128,194,101,136,38,56,244,125
649,125,45,25,62,248,140,159,95
650,168,152,222,17,242,70,158,65
651,178,25,232,238,147,54,15,62
652,95,182,64,120,96,191,192,27
653,55,215,2,241,46,133,16,85
654,227,36,98,102,166,84,40,118
655,172,76,64,240,122,53,79,21
656,208,40,128,174,156,168,41,130
657,255,9,144,193,129,84,126,121
658,178,195,170,212,121,123,132,36
659,172,28,7,186,17,141,74,95
660,98,5,8,8,68,253,162,110
661,216,181,126,38,110,136,37,70
662,206,124,140,194,194,108,76,43
663,15,140,137,158,57,41,72,143
664,41,114,228,94,225,113,81,36
665,174,103,183,84,169,184,91,132
666,180,195,213,100,213,238,172,26
667,91,22,83,144,119,72,165,210
668,127,125,69,91,124,29,51,165
669,16,188,36,222,29,223,183,47
670,241,143,159,76,178,56,222,117
671,140,93,230,195,77,53,237,92
672,233,65,90,95,177,19,26,161
673,60,230,104,238,191,23,63,197
674,196,49,196,50,164,80,207,2
675,240,50,157,43,175,173,56,92
676,166,11,112,212,254,42,9,194
677,230,205,8,171,193,69,18,132
678,188,87,212,128,89,235,91,166
679,7,104,65,85,16,100,71,31
680,109,229,239,137,201,150,123,184
681,84,68,144,46,159,34,24,20
682,171,206,40,19,253,89,176,79
683,240,8,209,31,133,54,225,228
684,201,29,153,128,160,195,0,162
685,59,205,30,150,120,39,46,31
686,151,112,129,189,191,236,79,106
687,225,76,247,208,137,121,241,214
688,168,72,166,196,52,239,195,52
689,236,121,225,196,82,231,84,84
690,1,202,184,10,91,113,50,104
691,32,254,179,9,209,240,234,187
692,142,41,44,178,138,22,106,52
693,65,91,15,35,173,70,96,89
694,35,247,254,178,22,34,142,205
695,10,160,182,18,189,236,223,200
696,239,29,90,69,228,151,226,193
697,223,10,193,26,235,23,176,43
698,143,52,45,90,186,164,188,77
699,166,238,230,10,228,12,240,40
700,60,119,0,222,234,36,126,230
701,52,195,75,150,30,163,87,102
702,187,161,178,7,0,135,187,120
703,62,54,162,109,53,33,97,174
704,10,75,239,8,130,114,0,252
705,201,151,126,50,160,141,86,0
706,241,189,122,208,0,207,216,113
707,123,5,40,124,52,187,8,49
708,240,53,160,186,236,57,3,88
709,82,49,93,123,17,165,76,236
710,49,22,121,81,15,249,251,52
711,151,161,184,253,208,218,108,28
712,132,147,185,147,137,234,65,196
713,24,179,194,210,38,21,46,46
714,115,175,69,83,159,16,11,228
715,10,232,220,226,76,65,41,163
716,8,182,212,153,234,180,66,76
717,20,37,121,107,211,127,123,219
718,213,147,55,58,143,66,253,172
719,79,243,110,61,203,244,30,42
720,61,130,38,239,144,78,222,204
721,106,247,66,230,81,116,117,131
722,52,42,167,172,123,118,250,172
723,32,26,196,33,240,82,204,90
724,218,9,107,10,228,255,51,218
725,162,35,82,12,118,218,217,138
726,172,186,181,242,131,110,50,111
727,204,197,150,218,18,92,135,92
728,56,152,171,230,234,116,106,109
729,38,83,179,34,238,176,150,243
730,131,160,34,154,12,236,196,111
731,13,154,11,249,147,161,216,204
732,155,187,72,178,47,210,234,222
733,147,171,42,94,201,186,11,14
734,249,186,187,215,242,89,79,44
735,230,120,130,205,199,70,173,206
736,173,179,233,129,112,150,101,179
737,78,161,250,240,224,148,61,153
738,133,142,216,27,196,113,162,74
739,18,204,130,176,252,192,195,213
740,153,230,168,109,113,178,71,173
741,223,105,39,58,151,164,154,209
742,248,159,105,106,100,122,9,59
743,112,186,99,175,18,165,212,154
744,88,190,30,197,156,115,9,180
745,156,123,160,141,121,122,176,232
746,13,121,15,249,179,124,196,251
747,7,152,36,19,52,49,0,186
748,163,128,178,169,205,174,227,1
749,24,169,226,27,37,9,110,112
750,223,244,211,117,169,249,21,88
751,1,69,239,73,41,225,2,133
752,11,153,201,175,219,173,91,31
753,220,78,132,114,29,83,98,44
754,198,41,224,153,107,181,115,64
755,66,205,215,161,182,192,155,119
756,192,223,59,2,92,98,63,48
757,231,12,59,34,233,235,124,210
758,33,158,218,122,220,248,99,167
759,250,232,63,112,164,208,199,228
760,123,70,154,118,31,102,116,10
761,125,169,203,249,22,235,204,60
762,137,36,59,10,35,222,105,115
763,196,201,114,9,214,27,42,72
764,25,137,212,37,225,50,49,151
765,188,119,107,91,139,195,198,127
766,233,241,73,101,172,38,161,245
767,209,200,245,24,0,235,68,202
768,84,80,151,0,185,37,19,9
769,115,215,23,64,184,116,131,121
770,5,104,25,78,31,7,116,115
771,153,88,252,215,111,165,232,110
772,47,62,20,229,189,205,149,83
773,206,76,87,66,31,172,137,63
774,226,21,41,114,216,141,245,58
775,151,223,156,166,113,200,110,108
776,134,126,137,167,102,242,106,123
777,69,171,244,83,183,74,140,5
778,157,104,254,231,79,249,84,193
779,137,214,44,114,210,148,39,62
780,71,67,34,159,34,234,56,44
781,81,215,32,136,163,198,185,235
782,46,153,99,97,252,162,254,88
783,194,199,77,139,239,208,152,208
784,216,184,167,50,169,177,46,29
785,110,153,141,139,200,252,246,59
786,136,72,172,172,55,230,214,225
787,251,153,50,72,237,64,237,103
788,30,238,126,214,135,71,8,198
789,234,7,248,28,184,225,179,143
790,174,82,148,222,142,147,18,29
791,53,183,140,20,125,52,54,176
792,183,52,125,20,93,203,226,219
793,240,6,159,58,122,148,173,106
794,46,86,35,203,20,93,54,253
795,31,140,179,76,190,195,223,123
796,212,112,12,11,95,234,129,25
797,109,93,50,105,163,97,56,188
798,127,118,43,49,40,214,185,135
799,135,202,113,131,186,41,231,169
800,69,226,26,232,136,4,105,224
801,46,222,169,139,84,27,144,207
802,207,199,215,33,58,113,188,196
803,84,24,15,163,249,202,100,187
804,35,226,96,226,10,160,95,26
805,211,35,149,226,132,104,158,40
806,184,247,194,42,6,252,112,65
807,139,128,4,99,172,91,183,159
808,173,21,120,48,115,160,207,234
809,4,99,95,169,47,101,203,204
810,93,175,45,190,195,48,151,144
811,213,68,224,162,247,173,15,28
812,200,143,69,122,13,187,136,178
813,113,218,241,198,214,59,74,128
814,112,29,184,80,210,187,164,103
815,27,128,227,27,203,165,167,109
816,174,115,39,79,250,190,95,218
817,31,69,94,36,216,18,106,99
818,162,65,53,184,103,79,2,191
819,157,29,194,250,226,203,68,147
820,58,128,137,12,131,17,57,237
821,116,244,236,32,42,235,100,134
822,249,99,11,76,161,64,243,135
823,30,161,36,199,77,11,118,199
824,111,26,55,203,35,253,234,129
825,150,243,28,152,227,221,47,236
826,153,72,163,57,169,24,155,94
827,144,82,76,54,33,25,28,160
828,149,69,9,200,208,61,124,106
829,146,194,24,20,35,60,207,108
830,99,146,115,153,60,190,165,226
831,208,40,117,76,183,239,163,102
832,143,17,98,199,242,84,88,186
833,195,44,27,143,209,29,171,19
834,20,225,10,199,58,154,8,3
835,229,29,93,105,7,2,142,18
836,206,4,248,243,155,30,205,16
837,12,168,67,93,180,202,95,102
838,59,28,188,109,163,62,113,235
839,76,75,131,170,162,136,181,117
840,117,239,118,191,122,55,120,180
841,88,214,91,170,100,142,146,17
842,157,121,85,213,152,26,207,240
843,204,100,149,40,186,120,211,22
844,33,192,106,65,254,149,15,252
845,222,146,13,26,152,115,77,138
846,139,182,98,236,206,174,119,14
847,82,249,148,151,204,154,194,53
848,221,199,2,138,56,244,11,133
849,185,18,14,3,67,90,81,30
850,145,5,133,143,249,194,120,119
851,88,28,29,190,98,78,14,125
852,192,235,33,121,248,131,182,178
853,60,167,182,203,20,255,240,231
854,29,52,102,142,183,44,127,170
855,82,215,114,79,101,108,53,231
856,174,88,61,145,159,83,20,254
857,151,138,136,213,205,94,230,53
858,132,129,166,234,107,142,235,152
859,167,239,167,159,150,207,51,68
860,201,39,147,73,41,14,55,146
861,71,60,49,155,239,2,179,222
862,247,167,111,214,155,158,119,87
863,178,137,137,174,150,3,209,248
864,6,112,47,84,244,115,104,183
865,197,8,114,93,64,178,246,3
866,223,166,13,237,58,123,14,227
867,74,27,177,33,9,150,43,96
868,111,91,57,110,190,24,185,133
869,8,6,122,231,175,9,74,186
870,31,180,31,51,125,121,52,104
871,87,51,74,129,84,147,254,105
872,140,159,33,32,93,237,120,103
873,79,72,59,5,11,113,33,41
874,196,237,209,65,147,251,160,155
875,236,151,6,110,115,161,58,201
876,112,250,19,7,171,7,253,240
877,169,142,35,254,22,0,39,141
878,153,50,176,58,237,211,107,166
879,108,57,203,29,103,62,73,119
880,254,28,66,16,54,48,98,112
881,214,15,207,196,114,191,156,175
882,42,193,134,252,106,159,95,21
883,59,122,131,189,190,174,167,189
884,194,140,122,56,27,189,145,229
885,231,228,42,42,225,213,53,70
886,169,2,206,9,12,181,244,90
887,111,73,173,53,183,3,44,133
888,5,246,147,72,167,34,63,176
889,39,120,131,201,102,18,2,193
890,65,3,54,178,156,9,93,91
891,19,150,20,193,118,208,163,78
892,131,126,36,7,39,218,62,151
893,211,149,10,244,188,102,202,9
894,80,49,176,251,205,166,70,136
895,113,152,60,237,221,253,23,72
896,68,123,18,117,121,255,179,151
897,19,138,74,88,162,183,112,164
898,13,191,155,190,85,27,165,10
899,226,101,254,102,113,68,108,42
900,43,44,111,120,204,60,179,5
901,196,218,11,169,136,162,220,205
902,17,74,115,143,126,125,55,113
903,168,104,211,51,232,211,178,42
904,165,228,36,138,38,118,183,117
905,133,14,42,249,10,155,216,246
906,78,41,155,211,180,100,22,122
907,83,36,89,193,189,141,184,166
908,254,40,241,233,24,191,119,243
909,145,14,219,33,208,245,126,51
910,237,250,180,157,136,112,247,88
911,45,204,124,81,110,118,102,250
912,237,66,62,187,49,14,169,9
913,222,157,232,212,65,81,152,31
914,151,219,3,198,174,211,130,22
915,51,58,217,69,203,196,85,3
916,183,203,58,180,167,57,22,19
917,9,96,87,193,139,237,142,157
918,165,228,108,190,118,97,82,125
919,15,171,209,195,217,19,35,208
920,139,168,207,186,187,189,157,88
921,138,250,1,94,141,91,78,19
922,184,76,124,157,54,163,14,6
923,160,221,204,60,221,57,20,252
924,124,253,227,5,83,188,142,125
925,174,198,164,197,19,32,180,138
926,60,195,7,247,56,113,43,100
927,144,255,38,76,240,77,102,58
928,169,150,109,56,82,208,233,186
929,221,157,216,57,237,176,244,67
930,85,141,205,222,155,141,204,11
931,105,241,93,121,179,66,239,140
932,13,66,217,255,38,20,254,95
933,169,51,129,191,99,86,142,47
934,179,192,192,175,169,203,61,84
935,185,95,225,77,163,180,125,163
936,122,165,62,159,11,2,241,43
937,37,140,41,90,122,129,48,220
938,205,70,78,22,49,52,157,162
939,188,46,25,79,116,84,110,247
940,55,2,228,18,146,135,150,234
941,4,6,211,98,151,239,47,78
942,13,14,62,210,80,183,24,25
943,22,190,34,89,27,123,18,253
944,205,114,160,16,212,228,58,224
945,5,111,187,116,254,70,238,62
946,88,240,166,175,53,216,80,100
947,12,131,174,198,220,95,75,24
948,126,24,117,160,230,211,194,135
949,36,192,129,133,162,139,210,82
950,142,201,104,70,102,232,95,3
951,203,112,166,9,3,113,237,171
952,220,200,22,161,6,114,180,20
953,17,223,84,146,213,0,51,181
954,102,78,197,246,240,65,252,170
955,57,185,238,15,169,94,94,228
956,21,158,171,210,253,111,155,74
957,125,249,125,103,78,238,207,167
958,60,13,132,149,28,9,69,41
959,208,107,230,19,23,55,252,168
960,92,15,113,216,62,252,76,29
961,160,250,234,8,8,195,57,116
962,65,43,31,107,25,243,162,105
963,250,85,19,59,70,54,189,55
964,7,241,163,189,57,9,147,158
965,145,142,28,55,121,44,211,85
966,156,82,145,218,29,143,80,235
967,130,204,124,160,238,183,153,243
968,204,242,59,109,109,64,183,184
969,231,59,20,145,167,124,191,202
970,236,86,36,80,127,152,9,92
971,131,189,61,45,184,197,40,220
972,173,6,255,183,176,70,102,57
973,32,24,166,213,142,13,87,213
974,184,11,223,239,81,201,80,178
975,104,156,194,222,5,220,16,54
976,10,78,97,64,47,200,130,162
977,82,136,192,183,104,248,163,163
978,69,217,250,116,233,182,221,90
979,111,156,58,213,202,65,170,217
980,92,238,177,253,167,192,71,79
981,166,158,40,221,69,183,82,45
982,88,122,235,218,231,44,165,241
983,58,206,185,217,15,138,104,177
984,29,93,29,159,93,142,95,98
985,28,134,33,118,130,45,181,57
986,97,121,124,63,57,150,14,3
987,231,130,134,161,121,201,130,241
988,83,165,5,138,67,72,75,1
989,20,139,137,233,155,146,53,77
990,138,213,121,123,145,228,183,102
991,46,137,37,141,127,212,98,99
992,74,30,31,187,227,217,181,93
993,39,47,227,37,202,192,211,17
994,53,110,109,2,214,122,110,150
995,13,201,137,49,162,64,75,118
996,240,26,235,55,124,96,29,13
997,194,220,216,19,18,111,30,159
998,93,151,237,119,16,163,185,160
999,121,165,247,62,84,115,201,113
