0,19,11
0,19,12
0,19,13
0,19,14
0,19,15
0,19,16
0,19,17
0,19,18
0,19,19
0,19,20
0,19,21
0,19,22
0,19,23
0,19,24
0,19,25
0,19,26
0,19,27
0,19,28
0,19,29
0,19,30
0,19,31
0,19,32
0,19,33
0,19,34
0,19,35
0,19,36
0,19,37
0,19,38
0,19,39
0,19,40
0,19,41
0,19,42
0,19,43
0,19,44
0,19,45
0,19,46
0,19,47
0,19,48
0,19,49
0,19,50
0,19,51
0,19,52
0,19,53
0,19,54
0,19,55
0,19,56
0,19,57
0,19,58
0,19,59
0,19,60
0,19,61
0,19,62
0,19,63
0,19,64
0,19,65
0,19,66
0,19,67
0,19,68
0,19,69
0,19,70
0,19,71
0,19,72
0,19,73
0,19,74
0,19,75
0,19,76
0,19,77
0,19,78
0,19,79
0,19,80
0,19,81
0,19,82
0,19,83
0,19,84
0,19,85
0,19,86
0,19,87
0,19,88
0,19,89
0,19,90
0,19,91
0,20,11
0,20,12
0,20,13
0,20,14
0,20,15
0,20,16
0,20,17
0,20,18
0,20,19
0,20,20
0,20,21
0,20,22
0,20,23
0,20,24
0,20,25
0,20,26
0,20,27
0,20,28
0,20,29
0,20,30
0,20,31
0,20,32
0,20,33
0,20,34
0,20,35
0,20,36
0,20,37
0,20,38
0,20,39
0,20,40
0,20,41
0,20,42
0,20,43
0,20,44
0,20,45
0,20,46
0,20,47
0,20,48
0,20,49
0,20,50
0,20,51
0,20,52
0,20,53
0,20,54
0,20,55
0,20,56
0,20,57
0,20,58
0,20,59
0,20,60
0,20,61
0,20,62
0,20,63
0,20,64
0,20,65
0,20,66
0,20,67
0,20,68
0,20,69
0,20,70
0,20,71
0,20,72
0,20,73
0,20,74
0,20,75
0,20,76
0,20,77
0,20,78
0,20,79
0,20,80
0,20,81
0,20,82
0,20,83
0,20,84
0,20,85
0,20,86
0,20,87
0,20,88
0,20,89
0,20,90
0,20,91
0,21,11
0,21,12
0,21,13
0,21,14
0,21,15
0,21,16
0,21,17
0,21,18
0,21,19
0,21,20
0,21,21
0,21,22
0,21,23
0,21,24
0,21,25
0,21,26
0,21,27
0,21,28
0,21,29
0,21,30
0,21,31
0,21,32
0,21,33
0,21,34
0,21,35
0,21,36
0,21,37
0,21,38
0,21,39
0,21,40
0,21,41
0,21,42
0,21,43
0,21,44
0,21,45
0,21,46
0,21,47
0,21,48
0,21,49
0,21,50
0,21,51
0,21,52
0,21,53
0,21,54
0,21,55
0,21,56
0,21,57
0,21,58
0,21,59
0,21,60
0,21,61
0,21,62
0,21,63
0,21,64
0,21,65
0,21,66
0,21,67
0,21,68
0,21,69
0,21,70
0,21,71
0,21,72
0,21,73
0,21,74
0,21,75
0,21,76
0,21,77
0,21,78
0,21,79
0,21,80
0,21,81
0,21,82
0,21,83
0,21,84
0,21,85
0,21,86
0,21,87
0,21,88
0,21,89
0,21,90
0,21,91
0,22,11
0,22,12
0,22,13
0,22,14
0,22,15
0,22,16
0,22,17
0,22,18
0,22,19
0,22,20
0,22,21
0,22,22
0,22,23
0,22,24
0,22,25
0,22,26
0,22,27
0,22,28
0,22,29
0,22,30
0,22,31
0,22,32
0,22,33
0,22,34
0,22,35
0,22,36
0,22,37
0,22,38
0,22,39
0,22,40
0,22,41
0,22,42
0,22,43
0,22,44
0,22,45
0,22,46
0,22,47
0,22,48
0,22,49
0,22,50
0,22,51
0,22,52
0,22,53
0,22,54
0,22,55
0,22,56
0,22,57
0,22,58
0,22,59
0,22,60
0,22,61
0,22,62
0,22,63
0,22,64
0,22,65
0,22,66
0,22,67
0,22,68
0,22,69
0,22,70
0,22,71
0,22,72
0,22,73
0,22,74
0,22,75
0,22,76
0,22,77
0,22,78
0,22,79
0,22,80
0,22,81
0,22,82
0,22,83
0,22,84
0,22,85
0,22,86
0,22,87
0,22,88
0,22,89
0,22,90
0,22,91
0,23,11
0,23,12
0,23,13
0,23,14
0,23,15
0,23,16
0,23,17
0,23,18
0,23,19
0,23,20
0,23,21
0,23,22
0,23,23
0,23,24
0,23,25
0,23,26
0,23,27
0,23,28
0,23,29
0,23,30
0,23,31
0,23,32
0,23,33
0,23,34
0,23,35
0,23,36
0,23,37
0,23,38
0,23,39
0,23,40
0,23,41
0,23,42
0,23,43
0,23,44
0,23,45
0,23,46
0,23,47
0,23,48
0,23,49
0,23,50
0,23,51
0,23,52
0,23,53
0,23,54
0,23,55
0,23,56
0,23,57
0,23,58
0,23,59
0,23,60
0,23,61
0,23,62
0,23,63
0,23,64
0,23,65
0,23,66
0,23,67
0,23,68
0,23,69
0,23,70
0,23,71
0,23,72
0,23,73
0,23,74
0,23,75
0,23,76
0,23,77
0,23,78
0,23,79
0,23,80
0,23,81
0,23,82
0,23,83
0,23,84
0,23,85
0,23,86
0,23,87
0,23,88
0,23,89
0,23,90
0,23,91
0,24,11
0,24,12
0,24,13
0,24,14
0,24,15
0,24,16
0,24,17
0,24,18
0,24,19
0,24,20
0,24,21
0,24,22
0,24,23
0,24,24
0,24,25
0,24,26
0,24,27
0,24,28
0,24,29
0,24,30
0,24,31
0,24,32
0,24,33
0,24,34
0,24,35
0,24,36
0,24,37
0,24,38
0,24,39
0,24,40
0,24,41
0,24,42
0,24,43
0,24,44
0,24,45
0,24,46
0,24,47
0,24,48
0,24,49
0,24,50
0,24,51
0,24,52
0,24,53
0,24,54
0,24,55
0,24,56
0,24,57
0,24,58
0,24,59
0,24,60
0,24,61
0,24,62
0,24,63
0,24,64
0,24,65
0,24,66
0,24,67
0,24,68
0,24,69
0,24,70
0,24,71
0,24,72
0,24,73
0,24,74
0,24,75
0,24,76
0,24,77
0,24,78
0,24,79
0,24,80
0,24,81
0,24,82
0,24,83
0,24,84
0,24,85
0,24,86
0,24,87
0,24,88
0,24,89
0,24,90
0,24,91
0,25,11
0,25,12
0,25,13
0,25,14
0,25,15
0,25,16
0,25,17
0,25,18
0,25,19
0,25,20
0,25,21
0,25,22
0,25,23
0,25,24
0,25,25
0,25,26
0,25,27
0,25,28
0,25,29
0,25,30
0,25,31
0,25,32
0,25,33
0,25,34
0,25,35
0,25,36
0,25,37
0,25,38
0,25,39
0,25,40
0,25,41
0,25,42
0,25,43
0,25,44
0,25,45
0,25,46
0,25,47
0,25,48
0,25,49
0,25,50
0,25,51
0,25,52
0,25,53
0,25,54
0,25,55
0,25,56
0,25,57
0,25,58
0,25,59
0,25,60
0,25,61
0,25,62
0,25,63
0,25,64
0,25,65
0,25,66
0,25,67
0,25,68
0,25,69
0,25,70
0,25,71
0,25,72
0,25,73
0,25,74
0,25,75
0,25,76
0,25,77
0,25,78
0,25,79
0,25,80
0,25,81
0,25,82
0,25,83
0,25,84
0,25,85
0,25,86
0,25,87
0,25,88
0,25,89
0,25,90
0,25,91
0,26,11
0,26,12
0,26,13
0,26,14
0,26,15
0,26,16
0,26,17
0,26,18
0,26,19
0,26,20
0,26,21
0,26,22
0,26,23
0,26,24
0,26,25
0,26,26
0,26,27
0,26,28
0,26,29
0,26,30
0,26,31
0,26,32
0,26,33
0,26,34
0,26,35
0,26,36
0,26,37
0,26,38
0,26,39
0,26,40
0,26,41
0,26,42
0,26,43
0,26,44
0,26,45
0,26,46
0,26,47
0,26,48
0,26,49
0,26,50
0,26,51
0,26,52
0,26,53
0,26,54
0,26,55
0,26,56
0,26,57
0,26,58
0,26,59
0,26,60
0,26,61
0,26,62
0,26,63
0,26,64
0,26,65
0,26,66
0,26,67
0,26,68
0,26,69
0,26,70
0,26,71
0,26,72
0,26,73
0,26,74
0,26,75
0,26,76
0,26,77
0,26,78
0,26,79
0,26,80
0,26,81
0,26,82
0,26,83
0,26,84
0,26,85
0,26,86
0,26,87
0,26,88
0,26,89
0,26,90
0,26,91
1,200,92
1,200,93
1,200,94
1,200,95
1,200,96
1,200,97
1,200,98
1,200,99
1,200,100
1,200,101
1,200,102
1,200,103
1,200,104
1,200,105
1,200,106
1,200,107
1,200,108
1,200,109
1,200,110
1,200,111
1,200,112
1,200,113
1,200,114
1,200,115
1,200,116
1,200,117
1,200,118
1,200,119
1,200,120
1,200,121
1,200,122
1,200,123
1,201,92
1,201,93
1,201,94
1,201,95
1,201,96
1,201,97
1,201,98
1,201,99
1,201,100
1,201,101
1,201,102
1,201,103
1,201,104
1,201,105
1,201,106
1,201,107
1,201,108
1,201,109
1,201,110
1,201,111
1,201,112
1,201,113
1,201,114
1,201,115
1,201,116
1,201,117
1,201,118
1,201,119
1,201,120
1,201,121
1,201,122
1,201,123
1,202,92
1,202,93
1,202,94
1,202,95
1,202,96
1,202,97
1,202,98
1,202,99
1,202,100
1,202,101
1,202,102
1,202,103
1,202,104
1,202,105
1,202,106
1,202,107
1,202,108
1,202,109
1,202,110
1,202,111
1,202,112
1,202,113
1,202,114
1,202,115
1,202,116
1,202,117
1,202,118
1,202,119
1,202,120
1,202,121
1,202,122
1,202,123
1,203,92
1,203,93
1,203,94
1,203,95
1,203,96
1,203,97
1,203,98
1,203,99
1,203,100
1,203,101
1,203,102
1,203,103
1,203,104
1,203,105
1,203,106
1,203,107
1,203,108
1,203,109
1,203,110
1,203,111
1,203,112
1,203,113
1,203,114
1,203,115
1,203,116
1,203,117
1,203,118
1,203,119
1,203,120
1,203,121
1,203,122
1,203,123
1,204,92
1,204,93
1,204,94
1,204,95
1,204,96
1,204,97
1,204,98
1,204,99
1,204,100
1,204,101
1,204,102
1,204,103
1,204,104
1,204,105
1,204,106
1,204,107
1,204,108
1,204,109
1,204,110
1,204,111
1,204,112
1,204,113
1,204,114
1,204,115
1,204,116
1,204,117
1,204,118
1,204,119
1,204,120
1,204,121
1,204,122
1,204,123
1,205,92
1,205,93
1,205,94
1,205,95
1,205,96
1,205,97
1,205,98
1,205,99
1,205,100
1,205,101
1,205,102
1,205,103
1,205,104
1,205,105
1,205,106
1,205,107
1,205,108
1,205,109
1,205,110
1,205,111
1,205,112
1,205,113
1,205,114
1,205,115
1,205,116
1,205,117
1,205,118
1,205,119
1,205,120
1,205,121
1,205,122
1,205,123
1,206,92
1,206,93
1,206,94
1,206,95
1,206,96
1,206,97
1,206,98
1,206,99
1,206,100
1,206,101
1,206,102
1,206,103
1,206,104
1,206,105
1,206,106
1,206,107
1,206,108
1,206,109
1,206,110
1,206,111
1,206,112
1,206,113
1,206,114
1,206,115
1,206,116
1,206,117
1,206,118
1,206,119
1,206,120
1,206,121
1,206,122
1,206,123
1,207,92
1,207,93
1,207,94
1,207,95
1,207,96
1,207,97
1,207,98
1,207,99
1,207,100
1,207,101
1,207,102
1,207,103
1,207,104
1,207,105
1,207,106
1,207,107
1,207,108
1,207,109
1,207,110
1,207,111
1,207,112
1,207,113
1,207,114
1,207,115
1,207,116
1,207,117
1,207,118
1,207,119
1,207,120
1,207,121
1,207,122
1,207,123
1,208,92
1,208,93
1,208,94
1,208,95
1,208,96
1,208,97
1,208,98
1,208,99
1,208,100
1,208,101
1,208,102
1,208,103
1,208,104
1,208,105
1,208,106
1,208,107
1,208,108
1,208,109
1,208,110
1,208,111
1,208,112
1,208,113
1,208,114
1,208,115
1,208,116
1,208,117
1,208,118
1,208,119
1,208,120
1,208,121
1,208,122
1,208,123
1,209,92
1,209,93
1,209,94
1,209,95
1,209,96
1,209,97
1,209,98
1,209,99
1,209,100
1,209,101
1,209,102
1,209,103
1,209,104
1,209,105
1,209,106
1,209,107
1,209,108
1,209,109
1,209,110
1,209,111
1,209,112
1,209,113
1,209,114
1,209,115
1,209,116
1,209,117
1,209,118
1,209,119
1,209,120
1,209,121
1,209,122
1,209,123
1,210,92
1,210,93
1,210,94
1,210,95
1,210,96
1,210,97
1,210,98
1,210,99
1,210,100
1,210,101
1,210,102
1,210,103
1,210,104
1,210,105
1,210,106
1,210,107
1,210,108
1,210,109
1,210,110
1,210,111
1,210,112
1,210,113
1,210,114
1,210,115
1,210,116
1,210,117
1,210,118
1,210,119
1,210,120
1,210,121
1,210,122
1,210,123
1,211,92
1,211,93
1,211,94
1,211,95
1,211,96
1,211,97
1,211,98
1,211,99
1,211,100
1,211,101
1,211,102
1,211,103
1,211,104
1,211,105
1,211,106
1,211,107
1,211,108
1,211,109
1,211,110
1,211,111
1,211,112
1,211,113
1,211,114
1,211,115
1,211,116
1,211,117
1,211,118
1,211,119
1,211,120
1,211,121
1,211,122
1,211,123
1,212,92
1,212,93
1,212,94
1,212,95
1,212,96
1,212,97
1,212,98
1,212,99
1,212,100
1,212,101
1,212,102
1,212,103
1,212,104
1,212,105
1,212,106
1,212,107
1,212,108
1,212,109
1,212,110
1,212,111
1,212,112
1,212,113
1,212,114
1,212,115
1,212,116
1,212,117
1,212,118
1,212,119
1,212,120
1,212,121
1,212,122
1,212,123
1,213,92
1,213,93
1,213,94
1,213,95
1,213,96
1,213,97
1,213,98
1,213,99
1,213,100
1,213,101
1,213,102
1,213,103
1,213,104
1,213,105
1,213,106
1,213,107
1,213,108
1,213,109
1,213,110
1,213,111
1,213,112
1,213,113
1,213,114
1,213,115
1,213,116
1,213,117
1,213,118
1,213,119
1,213,120
1,213,121
1,213,122
1,213,123
1,214,92
1,214,93
1,214,94
1,214,95
1,214,96
1,214,97
1,214,98
1,214,99
1,214,100
1,214,101
1,214,102
1,214,103
1,214,104
1,214,105
1,214,106
1,214,107
1,214,108
1,214,109
1,214,110
1,214,111
1,214,112
1,214,113
1,214,114
1,214,115
1,214,116
1,214,117
1,214,118
1,214,119
1,214,120
1,214,121
1,214,122
1,214,123
1,215,92
1,215,93
1,215,94
1,215,95
1,215,96
1,215,97
1,215,98
1,215,99
1,215,100
1,215,101
1,215,102
1,215,103
1,215,104
1,215,105
1,215,106
1,215,107
1,215,108
1,215,109
1,215,110
1,215,111
1,215,112
1,215,113
1,215,114
1,215,115
1,215,116
1,215,117
1,215,118
1,215,119
1,215,120
1,215,121
1,215,122
1,215,123
1,216,92
1,216,93
1,216,94
1,216,95
1,216,96
1,216,97
1,216,98
1,216,99
1,216,100
1,216,101
1,216,102
1,216,103
1,216,104
1,216,105
1,216,106
1,216,107
1,216,108
1,216,109
1,216,110
1,216,111
1,216,112
1,216,113
1,216,114
1,216,115
1,216,116
1,216,117
1,216,118
1,216,119
1,216,120
1,216,121
1,216,122
1,216,123
1,217,92
1,217,93
1,217,94
1,217,95
1,217,96
1,217,97
1,217,98
1,217,99
1,217,100
1,217,101
1,217,102
1,217,103
1,217,104
1,217,105
1,217,106
1,217,107
1,217,108
1,217,109
1,217,110
1,217,111
1,217,112
1,217,113
1,217,114
1,217,115
1,217,116
1,217,117
1,217,118
1,217,119
1,217,120
1,217,121
1,217,122
1,217,123
1,218,92
1,218,93
1,218,94
1,218,95
1,218,96
1,218,97
1,218,98
1,218,99
1,218,100
1,218,101
1,218,102
1,218,103
1,218,104
1,218,105
1,218,106
1,218,107
1,218,108
1,218,109
1,218,110
1,218,111
1,218,112
1,218,113
1,218,114
1,218,115
1,218,116
1,218,117
1,218,118
1,218,119
1,218,120
1,218,121
1,218,122
1,218,123
1,219,92
1,219,93
1,219,94
1,219,95
1,219,96
1,219,97
1,219,98
1,219,99
1,219,100
1,219,101
1,219,102
1,219,103
1,219,104
1,219,105
1,219,106
1,219,107
1,219,108
1,219,109
1,219,110
1,219,111
1,219,112
1,219,113
1,219,114
1,219,115
1,219,116
1,219,117
1,219,118
1,219,119
1,219,120
1,219,121
1,219,122
1,219,123
1,220,92
1,220,93
1,220,94
1,220,95
1,220,96
1,220,97
1,220,98
1,220,99
1,220,100
1,220,101
1,220,102
1,220,103
1,220,104
1,220,105
1,220,106
1,220,107
1,220,108
1,220,109
1,220,110
1,220,111
1,220,112
1,220,113
1,220,114
1,220,115
1,220,116
1,220,117
1,220,118
1,220,119
1,220,120
1,220,121
1,220,122
1,220,123
1,221,92
1,221,93
1,221,94
1,221,95
1,221,96
1,221,97
1,221,98
1,221,99
1,221,100
1,221,101
1,221,102
1,221,103
1,221,104
1,221,105
1,221,106
1,221,107
1,221,108
1,221,109
1,221,110
1,221,111
1,221,112
1,221,113
1,221,114
1,221,115
1,221,116
1,221,117
1,221,118
1,221,119
1,221,120
1,221,121
1,221,122
1,221,123
1,222,92
1,222,93
1,222,94
1,222,95
1,222,96
1,222,97
1,222,98
1,222,99
1,222,100
1,222,101
1,222,102
1,222,103
1,222,104
1,222,105
1,222,106
1,222,107
1,222,108
1,222,109
1,222,110
1,222,111
1,222,112
1,222,113
1,222,114
1,222,115
1,222,116
1,222,117
1,222,118
1,222,119
1,222,120
1,222,121
1,222,122
1,222,123
2,12,21
2,12,22
2,12,23
2,12,24
2,12,25
2,12,26
2,12,27
2,12,28
2,12,29
2,12,30
2,12,31
2,12,32
2,12,33
2,12,34
2,12,35
2,12,36
2,12,37
2,12,38
2,12,39
2,12,40
2,12,41
2,12,42
2,12,43
2,12,44
2,12,45
2,12,46
2,12,47
2,12,48
2,12,49
2,12,50
2,12,51
2,12,52
2,12,53
2,12,54
2,12,55
2,12,56
2,12,57
2,12,58
2,12,59
2,12,60
2,12,61
2,12,62
2,12,63
2,12,64
2,12,65
2,12,66
2,12,67
2,12,68
2,12,69
2,12,70
2,12,71
2,12,72
2,12,73
2,12,74
2,12,75
2,12,76
2,12,77
2,12,78
2,13,21
2,13,22
2,13,23
2,13,24
2,13,25
2,13,26
2,13,27
2,13,28
2,13,29
2,13,30
2,13,31
2,13,32
2,13,33
2,13,34
2,13,35
2,13,36
2,13,37
2,13,38
2,13,39
2,13,40
2,13,41
2,13,42
2,13,43
2,13,44
2,13,45
2,13,46
2,13,47
2,13,48
2,13,49
2,13,50
2,13,51
2,13,52
2,13,53
2,13,54
2,13,55
2,13,56
2,13,57
2,13,58
2,13,59
2,13,60
2,13,61
2,13,62
2,13,63
2,13,64
2,13,65
2,13,66
2,13,67
2,13,68
2,13,69
2,13,70
2,13,71
2,13,72
2,13,73
2,13,74
2,13,75
2,13,76
2,13,77
2,13,78
2,14,21
2,14,22
2,14,23
2,14,24
2,14,25
2,14,26
2,14,27
2,14,28
2,14,29
2,14,30
2,14,31
2,14,32
2,14,33
2,14,34
2,14,35
2,14,36
2,14,37
2,14,38
2,14,39
2,14,40
2,14,41
2,14,42
2,14,43
2,14,44
2,14,45
2,14,46
2,14,47
2,14,48
2,14,49
2,14,50
2,14,51
2,14,52
2,14,53
2,14,54
2,14,55
2,14,56
2,14,57
2,14,58
2,14,59
2,14,60
2,14,61
2,14,62
2,14,63
2,14,64
2,14,65
2,14,66
2,14,67
2,14,68
2,14,69
2,14,70
2,14,71
2,14,72
2,14,73
2,14,74
2,14,75
2,14,76
2,14,77
2,14,78
2,15,21
2,15,22
2,15,23
2,15,24
2,15,25
2,15,26
2,15,27
2,15,28
2,15,29
2,15,30
2,15,31
2,15,32
2,15,33
2,15,34
2,15,35
2,15,36
2,15,37
2,15,38
2,15,39
2,15,40
2,15,41
2,15,42
2,15,43
2,15,44
2,15,45
2,15,46
2,15,47
2,15,48
2,15,49
2,15,50
2,15,51
2,15,52
2,15,53
2,15,54
2,15,55
2,15,56
2,15,57
2,15,58
2,15,59
2,15,60
2,15,61
2,15,62
2,15,63
2,15,64
2,15,65
2,15,66
2,15,67
2,15,68
2,15,69
2,15,70
2,15,71
2,15,72
2,15,73
2,15,74
2,15,75
2,15,76
2,15,77
2,15,78
2,16,21
2,16,22
2,16,23
2,16,24
2,16,25
2,16,26
2,16,27
2,16,28
2,16,29
2,16,30
2,16,31
2,16,32
2,16,33
2,16,34
2,16,35
2,16,36
2,16,37
2,16,38
2,16,39
2,16,40
2,16,41
2,16,42
2,16,43
2,16,44
2,16,45
2,16,46
2,16,47
2,16,48
2,16,49
2,16,50
2,16,51
2,16,52
2,16,53
2,16,54
2,16,55
2,16,56
2,16,57
2,16,58
2,16,59
2,16,60
2,16,61
2,16,62
2,16,63
2,16,64
2,16,65
2,16,66
2,16,67
2,16,68
2,16,69
2,16,70
2,16,71
2,16,72
2,16,73
2,16,74
2,16,75
2,16,76
2,16,77
2,16,78
2,17,21
2,17,22
2,17,23
2,17,24
2,17,25
2,17,26
2,17,27
2,17,28
2,17,29
2,17,30
2,17,31
2,17,32
2,17,33
2,17,34
2,17,35
2,17,36
2,17,37
2,17,38
2,17,39
2,17,40
2,17,41
2,17,42
2,17,43
2,17,44
2,17,45
2,17,46
2,17,47
2,17,48
2,17,49
2,17,50
2,17,51
2,17,52
2,17,53
2,17,54
2,17,55
2,17,56
2,17,57
2,17,58
2,17,59
2,17,60
2,17,61
2,17,62
2,17,63
2,17,64
2,17,65
2,17,66
2,17,67
2,17,68
2,17,69
2,17,70
2,17,71
2,17,72
2,17,73
2,17,74
2,17,75
2,17,76
2,17,77
2,17,78
2,18,21
2,18,22
2,18,23
2,18,24
2,18,25
2,18,26
2,18,27
2,18,28
2,18,29
2,18,30
2,18,31
2,18,32
2,18,33
2,18,34
2,18,35
2,18,36
2,18,37
2,18,38
2,18,39
2,18,40
2,18,41
2,18,42
2,18,43
2,18,44
2,18,45
2,18,46
2,18,47
2,18,48
2,18,49
2,18,50
2,18,51
2,18,52
2,18,53
2,18,54
2,18,55
2,18,56
2,18,57
2,18,58
2,18,59
2,18,60
2,18,61
2,18,62
2,18,63
2,18,64
2,18,65
2,18,66
2,18,67
2,18,68
2,18,69
2,18,70
2,18,71
2,18,72
2,18,73
2,18,74
2,18,75
2,18,76
2,18,77
2,18,78
2,19,21
2,19,22
2,19,23
2,19,24
2,19,25
2,19,26
2,19,27
2,19,28
2,19,29
2,19,30
2,19,31
2,19,32
2,19,33
2,19,34
2,19,35
2,19,36
2,19,37
2,19,38
2,19,39
2,19,40
2,19,41
2,19,42
2,19,43
2,19,44
2,19,45
2,19,46
2,19,47
2,19,48
2,19,49
2,19,50
2,19,51
2,19,52
2,19,53
2,19,54
2,19,55
2,19,56
2,19,57
2,19,58
2,19,59
2,19,60
2,19,61
2,19,62
2,19,63
2,19,64
2,19,65
2,19,66
2,19,67
2,19,68
2,19,69
2,19,70
2,19,71
2,19,72
2,19,73
2,19,74
2,19,75
2,19,76
2,19,77
2,19,78
2,20,21
2,20,22
2,20,23
2,20,24
2,20,25
2,20,26
2,20,27
2,20,28
2,20,29
2,20,30
2,20,31
2,20,32
2,20,33
2,20,34
2,20,35
2,20,36
2,20,37
2,20,38
2,20,39
2,20,40
2,20,41
2,20,42
2,20,43
2,20,44
2,20,45
2,20,46
2,20,47
2,20,48
2,20,49
2,20,50
2,20,51
2,20,52
2,20,53
2,20,54
2,20,55
2,20,56
2,20,57
2,20,58
2,20,59
2,20,60
2,20,61
2,20,62
2,20,63
2,20,64
2,20,65
2,20,66
2,20,67
2,20,68
2,20,69
2,20,70
2,20,71
2,20,72
2,20,73
2,20,74
2,20,75
2,20,76
2,20,77
2,20,78
2,21,21
2,21,22
2,21,23
2,21,24
2,21,25
2,21,26
2,21,27
2,21,28
2,21,29
2,21,30
2,21,31
2,21,32
2,21,33
2,21,34
2,21,35
2,21,36
2,21,37
2,21,38
2,21,39
2,21,40
2,21,41
2,21,42
2,21,43
2,21,44
2,21,45
2,21,46
2,21,47
2,21,48
2,21,49
2,21,50
2,21,51
2,21,52
2,21,53
2,21,54
2,21,55
2,21,56
2,21,57
2,21,58
2,21,59
2,21,60
2,21,61
2,21,62
2,21,63
2,21,64
2,21,65
2,21,66
2,21,67
2,21,68
2,21,69
2,21,70
2,21,71
2,21,72
2,21,73
2,21,74
2,21,75
2,21,76
2,21,77
2,21,78
2,22,21
2,22,22
2,22,23
2,22,24
2,22,25
2,22,26
2,22,27
2,22,28
2,22,29
2,22,30
2,22,31
2,22,32
2,22,33
2,22,34
2,22,35
2,22,36
2,22,37
2,22,38
2,22,39
2,22,40
2,22,41
2,22,42
2,22,43
2,22,44
2,22,45
2,22,46
2,22,47
2,22,48
2,22,49
2,22,50
2,22,51
2,22,52
2,22,53
2,22,54
2,22,55
2,22,56
2,22,57
2,22,58
2,22,59
2,22,60
2,22,61
2,22,62
2,22,63
2,22,64
2,22,65
2,22,66
2,22,67
2,22,68
2,22,69
2,22,70
2,22,71
2,22,72
2,22,73
2,22,74
2,22,75
2,22,76
2,22,77
2,22,78
2,23,21
2,23,22
2,23,23
2,23,24
2,23,25
2,23,26
2,23,27
2,23,28
2,23,29
2,23,30
2,23,31
2,23,32
2,23,33
2,23,34
2,23,35
2,23,36
2,23,37
2,23,38
2,23,39
2,23,40
2,23,41
2,23,42
2,23,43
2,23,44
2,23,45
2,23,46
2,23,47
2,23,48
2,23,49
2,23,50
2,23,51
2,23,52
2,23,53
2,23,54
2,23,55
2,23,56
2,23,57
2,23,58
2,23,59
2,23,60
2,23,61
2,23,62
2,23,63
2,23,64
2,23,65
2,23,66
2,23,67
2,23,68
2,23,69
2,23,70
2,23,71
2,23,72
2,23,73
2,23,74
2,23,75
2,23,76
2,23,77
2,23,78
2,24,21
2,24,22
2,24,23
2,24,24
2,24,25
2,24,26
2,24,27
2,24,28
2,24,29
2,24,30
2,24,31
2,24,32
2,24,33
2,24,34
2,24,35
2,24,36
2,24,37
2,24,38
2,24,39
2,24,40
2,24,41
2,24,42
2,24,43
2,24,44
2,24,45
2,24,46
2,24,47
2,24,48
2,24,49
2,24,50
2,24,51
2,24,52
2,24,53
2,24,54
2,24,55
2,24,56
2,24,57
2,24,58
2,24,59
2,24,60
2,24,61
2,24,62
2,24,63
2,24,64
2,24,65
2,24,66
2,24,67
2,24,68
2,24,69
2,24,70
2,24,71
2,24,72
2,24,73
2,24,74
2,24,75
2,24,76
2,24,77
2,24,78
2,25,21
2,25,22
2,25,23
2,25,24
2,25,25
2,25,26
2,25,27
2,25,28
2,25,29
2,25,30
2,25,31
2,25,32
2,25,33
2,25,34
2,25,35
2,25,36
2,25,37
2,25,38
2,25,39
2,25,40
2,25,41
2,25,42
2,25,43
2,25,44
2,25,45
2,25,46
2,25,47
2,25,48
2,25,49
2,25,50
2,25,51
2,25,52
2,25,53
2,25,54
2,25,55
2,25,56
2,25,57
2,25,58
2,25,59
2,25,60
2,25,61
2,25,62
2,25,63
2,25,64
2,25,65
2,25,66
2,25,67
2,25,68
2,25,69
2,25,70
2,25,71
2,25,72
2,25,73
2,25,74
2,25,75
2,25,76
2,25,77
2,25,78
2,26,21
2,26,22
2,26,23
2,26,24
2,26,25
2,26,26
2,26,27
2,26,28
2,26,29
2,26,30
2,26,31
2,26,32
2,26,33
2,26,34
2,26,35
2,26,36
2,26,37
2,26,38
2,26,39
2,26,40
2,26,41
2,26,42
2,26,43
2,26,44
2,26,45
2,26,46
2,26,47
2,26,48
2,26,49
2,26,50
2,26,51
2,26,52
2,26,53
2,26,54
2,26,55
2,26,56
2,26,57
2,26,58
2,26,59
2,26,60
2,26,61
2,26,62
2,26,63
2,26,64
2,26,65
2,26,66
2,26,67
2,26,68
2,26,69
2,26,70
2,26,71
2,26,72
2,26,73
2,26,74
2,26,75
2,26,76
2,26,77
2,26,78
2,27,21
2,27,22
2,27,23
2,27,24
2,27,25
2,27,26
2,27,27
2,27,28
2,27,29
2,27,30
2,27,31
2,27,32
2,27,33
2,27,34
2,27,35
2,27,36
2,27,37
2,27,38
2,27,39
2,27,40
2,27,41
2,27,42
2,27,43
2,27,44
2,27,45
2,27,46
2,27,47
2,27,48
2,27,49
2,27,50
2,27,51
2,27,52
2,27,53
2,27,54
2,27,55
2,27,56
2,27,57
2,27,58
2,27,59
2,27,60
2,27,61
2,27,62
2,27,63
2,27,64
2,27,65
2,27,66
2,27,67
2,27,68
2,27,69
2,27,70
2,27,71
2,27,72
2,27,73
2,27,74
2,27,75
2,27,76
2,27,77
2,27,78
2,28,21
2,28,22
2,28,23
2,28,24
2,28,25
2,28,26
2,28,27
2,28,28
2,28,29
2,28,30
2,28,31
2,28,32
2,28,33
2,28,34
2,28,35
2,28,36
2,28,37
2,28,38
2,28,39
2,28,40
2,28,41
2,28,42
2,28,43
2,28,44
2,28,45
2,28,46
2,28,47
2,28,48
2,28,49
2,28,50
2,28,51
2,28,52
2,28,53
2,28,54
2,28,55
2,28,56
2,28,57
2,28,58
2,28,59
2,28,60
2,28,61
2,28,62
2,28,63
2,28,64
2,28,65
2,28,66
2,28,67
2,28,68
2,28,69
2,28,70
2,28,71
2,28,72
2,28,73
2,28,74
2,28,75
2,28,76
2,28,77
2,28,78
2,29,21
2,29,22
2,29,23
2,29,24
2,29,25
2,29,26
2,29,27
2,29,28
2,29,29
2,29,30
2,29,31
2,29,32
2,29,33
2,29,34
2,29,35
2,29,36
2,29,37
2,29,38
2,29,39
2,29,40
2,29,41
2,29,42
2,29,43
2,29,44
2,29,45
2,29,46
2,29,47
2,29,48
2,29,49
2,29,50
2,29,51
2,29,52
2,29,53
2,29,54
2,29,55
2,29,56
2,29,57
2,29,58
2,29,59
2,29,60
2,29,61
2,29,62
2,29,63
2,29,64
2,29,65
2,29,66
2,29,67
2,29,68
2,29,69
2,29,70
2,29,71
2,29,72
2,29,73
2,29,74
2,29,75
2,29,76
2,29,77
2,29,78
2,30,21
2,30,22
2,30,23
2,30,24
2,30,25
2,30,26
2,30,27
2,30,28
2,30,29
2,30,30
2,30,31
2,30,32
2,30,33
2,30,34
2,30,35
2,30,36
2,30,37
2,30,38
2,30,39
2,30,40
2,30,41
2,30,42
2,30,43
2,30,44
2,30,45
2,30,46
2,30,47
2,30,48
2,30,49
2,30,50
2,30,51
2,30,52
2,30,53
2,30,54
2,30,55
2,30,56
2,30,57
2,30,58
2,30,59
2,30,60
2,30,61
2,30,62
2,30,63
2,30,64
2,30,65
2,30,66
2,30,67
2,30,68
2,30,69
2,30,70
2,30,71
2,30,72
2,30,73
2,30,74
2,30,75
2,30,76
2,30,77
2,30,78
2,31,21
2,31,22
2,31,23
2,31,24
2,31,25
2,31,26
2,31,27
2,31,28
2,31,29
2,31,30
2,31,31
2,31,32
2,31,33
2,31,34
2,31,35
2,31,36
2,31,37
2,31,38
2,31,39
2,31,40
2,31,41
2,31,42
2,31,43
2,31,44
2,31,45
2,31,46
2,31,47
2,31,48
2,31,49
2,31,50
2,31,51
2,31,52
2,31,53
2,31,54
2,31,55
2,31,56
2,31,57
2,31,58
2,31,59
2,31,60
2,31,61
2,31,62
2,31,63
2,31,64
2,31,65
2,31,66
2,31,67
2,31,68
2,31,69
2,31,70
2,31,71
2,31,72
2,31,73
2,31,74
2,31,75
2,31,76
2,31,77
2,31,78
2,32,21
2,32,22
2,32,23
2,32,24
2,32,25
2,32,26
2,32,27
2,32,28
2,32,29
2,32,30
2,32,31
2,32,32
2,32,33
2,32,34
2,32,35
2,32,36
2,32,37
2,32,38
2,32,39
2,32,40
2,32,41
2,32,42
2,32,43
2,32,44
2,32,45
2,32,46
2,32,47
2,32,48
2,32,49
2,32,50
2,32,51
2,32,52
2,32,53
2,32,54
2,32,55
2,32,56
2,32,57
2,32,58
2,32,59
2,32,60
2,32,61
2,32,62
2,32,63
2,32,64
2,32,65
2,32,66
2,32,67
2,32,68
2,32,69
2,32,70
2,32,71
2,32,72
2,32,73
2,32,74
2,32,75
2,32,76
2,32,77
2,32,78
2,33,21
2,33,22
2,33,23
2,33,24
2,33,25
2,33,26
2,33,27
2,33,28
2,33,29
2,33,30
2,33,31
2,33,32
2,33,33
2,33,34
2,33,35
2,33,36
2,33,37
2,33,38
2,33,39
2,33,40
2,33,41
2,33,42
2,33,43
2,33,44
2,33,45
2,33,46
2,33,47
2,33,48
2,33,49
2,33,50
2,33,51
2,33,52
2,33,53
2,33,54
2,33,55
2,33,56
2,33,57
2,33,58
2,33,59
2,33,60
2,33,61
2,33,62
2,33,63
2,33,64
2,33,65
2,33,66
2,33,67
2,33,68
2,33,69
2,33,70
2,33,71
2,33,72
2,33,73
2,33,74
2,33,75
2,33,76
2,33,77
2,33,78
2,34,21
2,34,22
2,34,23
2,34,24
2,34,25
2,34,26
2,34,27
2,34,28
2,34,29
2,34,30
2,34,31
2,34,32
2,34,33
2,34,34
2,34,35
2,34,36
2,34,37
2,34,38
2,34,39
2,34,40
2,34,41
2,34,42
2,34,43
2,34,44
2,34,45
2,34,46
2,34,47
2,34,48
2,34,49
2,34,50
2,34,51
2,34,52
2,34,53
2,34,54
2,34,55
2,34,56
2,34,57
2,34,58
2,34,59
2,34,60
2,34,61
2,34,62
2,34,63
2,34,64
2,34,65
2,34,66
2,34,67
2,34,68
2,34,69
2,34,70
2,34,71
2,34,72
2,34,73
2,34,74
2,34,75
2,34,76
2,34,77
2,34,78
2,35,21
2,35,22
2,35,23
2,35,24
2,35,25
2,35,26
2,35,27
2,35,28
2,35,29
2,35,30
2,35,31
2,35,32
2,35,33
2,35,34
2,35,35
2,35,36
2,35,37
2,35,38
2,35,39
2,35,40
2,35,41
2,35,42
2,35,43
2,35,44
2,35,45
2,35,46
2,35,47
2,35,48
2,35,49
2,35,50
2,35,51
2,35,52
2,35,53
2,35,54
2,35,55
2,35,56
2,35,57
2,35,58
2,35,59
2,35,60
2,35,61
2,35,62
2,35,63
2,35,64
2,35,65
2,35,66
2,35,67
2,35,68
2,35,69
2,35,70
2,35,71
2,35,72
2,35,73
2,35,74
2,35,75
2,35,76
2,35,77
2,35,78
2,36,21
2,36,22
2,36,23
2,36,24
2,36,25
2,36,26
2,36,27
2,36,28
2,36,29
2,36,30
2,36,31
2,36,32
2,36,33
2,36,34
2,36,35
2,36,36
2,36,37
2,36,38
2,36,39
2,36,40
2,36,41
2,36,42
2,36,43
2,36,44
2,36,45
2,36,46
2,36,47
2,36,48
2,36,49
2,36,50
2,36,51
2,36,52
2,36,53
2,36,54
2,36,55
2,36,56
2,36,57
2,36,58
2,36,59
2,36,60
2,36,61
2,36,62
2,36,63
2,36,64
2,36,65
2,36,66
2,36,67
2,36,68
2,36,69
2,36,70
2,36,71
2,36,72
2,36,73
2,36,74
2,36,75
2,36,76
2,36,77
2,36,78
2,37,21
2,37,22
2,37,23
2,37,24
2,37,25
2,37,26
2,37,27
2,37,28
2,37,29
2,37,30
2,37,31
2,37,32
2,37,33
2,37,34
2,37,35
2,37,36
2,37,37
2,37,38
2,37,39
2,37,40
2,37,41
2,37,42
2,37,43
2,37,44
2,37,45
2,37,46
2,37,47
2,37,48
2,37,49
2,37,50
2,37,51
2,37,52
2,37,53
2,37,54
2,37,55
2,37,56
2,37,57
2,37,58
2,37,59
2,37,60
2,37,61
2,37,62
2,37,63
2,37,64
2,37,65
2,37,66
2,37,67
2,37,68
2,37,69
2,37,70
2,37,71
2,37,72
2,37,73
2,37,74
2,37,75
2,37,76
2,37,77
2,37,78
2,38,21
2,38,22
2,38,23
2,38,24
2,38,25
2,38,26
2,38,27
2,38,28
2,38,29
2,38,30
2,38,31
2,38,32
2,38,33
2,38,34
2,38,35
2,38,36
2,38,37
2,38,38
2,38,39
2,38,40
2,38,41
2,38,42
2,38,43
2,38,44
2,38,45
2,38,46
2,38,47
2,38,48
2,38,49
2,38,50
2,38,51
2,38,52
2,38,53
2,38,54
2,38,55
2,38,56
2,38,57
2,38,58
2,38,59
2,38,60
2,38,61
2,38,62
2,38,63
2,38,64
2,38,65
2,38,66
2,38,67
2,38,68
2,38,69
2,38,70
2,38,71
2,38,72
2,38,73
2,38,74
2,38,75
2,38,76
2,38,77
2,38,78
2,39,21
2,39,22
2,39,23
2,39,24
2,39,25
2,39,26
2,39,27
2,39,28
2,39,29
2,39,30
2,39,31
2,39,32
2,39,33
2,39,34
2,39,35
2,39,36
2,39,37
2,39,38
2,39,39
2,39,40
2,39,41
2,39,42
2,39,43
2,39,44
2,39,45
2,39,46
2,39,47
2,39,48
2,39,49
2,39,50
2,39,51
2,39,52
2,39,53
2,39,54
2,39,55
2,39,56
2,39,57
2,39,58
2,39,59
2,39,60
2,39,61
2,39,62
2,39,63
2,39,64
2,39,65
2,39,66
2,39,67
2,39,68
2,39,69
2,39,70
2,39,71
2,39,72
2,39,73
2,39,74
2,39,75
2,39,76
2,39,77
2,39,78
2,40,21
2,40,22
2,40,23
2,40,24
2,40,25
2,40,26
2,40,27
2,40,28
2,40,29
2,40,30
2,40,31
2,40,32
2,40,33
2,40,34
2,40,35
2,40,36
2,40,37
2,40,38
2,40,39
2,40,40
2,40,41
2,40,42
2,40,43
2,40,44
2,40,45
2,40,46
2,40,47
2,40,48
2,40,49
2,40,50
2,40,51
2,40,52
2,40,53
2,40,54
2,40,55
2,40,56
2,40,57
2,40,58
2,40,59
2,40,60
2,40,61
2,40,62
2,40,63
2,40,64
2,40,65
2,40,66
2,40,67
2,40,68
2,40,69
2,40,70
2,40,71
2,40,72
2,40,73
2,40,74
2,40,75
2,40,76
2,40,77
2,40,78
2,41,21
2,41,22
2,41,23
2,41,24
2,41,25
2,41,26
2,41,27
2,41,28
2,41,29
2,41,30
2,41,31
2,41,32
2,41,33
2,41,34
2,41,35
2,41,36
2,41,37
2,41,38
2,41,39
2,41,40
2,41,41
2,41,42
2,41,43
2,41,44
2,41,45
2,41,46
2,41,47
2,41,48
2,41,49
2,41,50
2,41,51
2,41,52
2,41,53
2,41,54
2,41,55
2,41,56
2,41,57
2,41,58
2,41,59
2,41,60
2,41,61
2,41,62
2,41,63
2,41,64
2,41,65
2,41,66
2,41,67
2,41,68
2,41,69
2,41,70
2,41,71
2,41,72
2,41,73
2,41,74
2,41,75
2,41,76
2,41,77
2,41,78
2,42,21
2,42,22
2,42,23
2,42,24
2,42,25
2,42,26
2,42,27
2,42,28
2,42,29
2,42,30
2,42,31
2,42,32
2,42,33
2,42,34
2,42,35
2,42,36
2,42,37
2,42,38
2,42,39
2,42,40
2,42,41
2,42,42
2,42,43
2,42,44
2,42,45
2,42,46
2,42,47
2,42,48
2,42,49
2,42,50
2,42,51
2,42,52
2,42,53
2,42,54
2,42,55
2,42,56
2,42,57
2,42,58
2,42,59
2,42,60
2,42,61
2,42,62
2,42,63
2,42,64
2,42,65
2,42,66
2,42,67
2,42,68
2,42,69
2,42,70
2,42,71
2,42,72
2,42,73
2,42,74
2,42,75
2,42,76
2,42,77
2,42,78
2,43,21
2,43,22
2,43,23
2,43,24
2,43,25
2,43,26
2,43,27
2,43,28
2,43,29
2,43,30
2,43,31
2,43,32
2,43,33
2,43,34
2,43,35
2,43,36
2,43,37
2,43,38
2,43,39
2,43,40
2,43,41
2,43,42
2,43,43
2,43,44
2,43,45
2,43,46
2,43,47
2,43,48
2,43,49
2,43,50
2,43,51
2,43,52
2,43,53
2,43,54
2,43,55
2,43,56
2,43,57
2,43,58
2,43,59
2,43,60
2,43,61
2,43,62
2,43,63
2,43,64
2,43,65
2,43,66
2,43,67
2,43,68
2,43,69
2,43,70
2,43,71
2,43,72
2,43,73
2,43,74
2,43,75
2,43,76
2,43,77
2,43,78
2,44,21
2,44,22
2,44,23
2,44,24
2,44,25
2,44,26
2,44,27
2,44,28
2,44,29
2,44,30
2,44,31
2,44,32
2,44,33
2,44,34
2,44,35
2,44,36
2,44,37
2,44,38
2,44,39
2,44,40
2,44,41
2,44,42
2,44,43
2,44,44
2,44,45
2,44,46
2,44,47
2,44,48
2,44,49
2,44,50
2,44,51
2,44,52
2,44,53
2,44,54
2,44,55
2,44,56
2,44,57
2,44,58
2,44,59
2,44,60
2,44,61
2,44,62
2,44,63
2,44,64
2,44,65
2,44,66
2,44,67
2,44,68
2,44,69
2,44,70
2,44,71
2,44,72
2,44,73
2,44,74
2,44,75
2,44,76
2,44,77
2,44,78
2,45,21
2,45,22
2,45,23
2,45,24
2,45,25
2,45,26
2,45,27
2,45,28
2,45,29
2,45,30
2,45,31
2,45,32
2,45,33
2,45,34
2,45,35
2,45,36
2,45,37
2,45,38
2,45,39
2,45,40
2,45,41
2,45,42
2,45,43
2,45,44
2,45,45
2,45,46
2,45,47
2,45,48
2,45,49
2,45,50
2,45,51
2,45,52
2,45,53
2,45,54
2,45,55
2,45,56
2,45,57
2,45,58
2,45,59
2,45,60
2,45,61
2,45,62
2,45,63
2,45,64
2,45,65
2,45,66
2,45,67
2,45,68
2,45,69
2,45,70
2,45,71
2,45,72
2,45,73
2,45,74
2,45,75
2,45,76
2,45,77
2,45,78
2,46,21
2,46,22
2,46,23
2,46,24
2,46,25
2,46,26
2,46,27
2,46,28
2,46,29
2,46,30
2,46,31
2,46,32
2,46,33
2,46,34
2,46,35
2,46,36
2,46,37
2,46,38
2,46,39
2,46,40
2,46,41
2,46,42
2,46,43
2,46,44
2,46,45
2,46,46
2,46,47
2,46,48
2,46,49
2,46,50
2,46,51
2,46,52
2,46,53
2,46,54
2,46,55
2,46,56
2,46,57
2,46,58
2,46,59
2,46,60
2,46,61
2,46,62
2,46,63
2,46,64
2,46,65
2,46,66
2,46,67
2,46,68
2,46,69
2,46,70
2,46,71
2,46,72
2,46,73
2,46,74
2,46,75
2,46,76
2,46,77
2,46,78
2,47,21
2,47,22
2,47,23
2,47,24
2,47,25
2,47,26
2,47,27
2,47,28
2,47,29
2,47,30
2,47,31
2,47,32
2,47,33
2,47,34
2,47,35
2,47,36
2,47,37
2,47,38
2,47,39
2,47,40
2,47,41
2,47,42
2,47,43
2,47,44
2,47,45
2,47,46
2,47,47
2,47,48
2,47,49
2,47,50
2,47,51
2,47,52
2,47,53
2,47,54
2,47,55
2,47,56
2,47,57
2,47,58
2,47,59
2,47,60
2,47,61
2,47,62
2,47,63
2,47,64
2,47,65
2,47,66
2,47,67
2,47,68
2,47,69
2,47,70
2,47,71
2,47,72
2,47,73
2,47,74
2,47,75
2,47,76
2,47,77
2,47,78
2,48,21
2,48,22
2,48,23
2,48,24
2,48,25
2,48,26
2,48,27
2,48,28
2,48,29
2,48,30
2,48,31
2,48,32
2,48,33
2,48,34
2,48,35
2,48,36
2,48,37
2,48,38
2,48,39
2,48,40
2,48,41
2,48,42
2,48,43
2,48,44
2,48,45
2,48,46
2,48,47
2,48,48
2,48,49
2,48,50
2,48,51
2,48,52
2,48,53
2,48,54
2,48,55
2,48,56
2,48,57
2,48,58
2,48,59
2,48,60
2,48,61
2,48,62
2,48,63
2,48,64
2,48,65
2,48,66
2,48,67
2,48,68
2,48,69
2,48,70
2,48,71
2,48,72
2,48,73
2,48,74
2,48,75
2,48,76
2,48,77
2,48,78
2,49,21
2,49,22
2,49,23
2,49,24
2,49,25
2,49,26
2,49,27
2,49,28
2,49,29
2,49,30
2,49,31
2,49,32
2,49,33
2,49,34
2,49,35
2,49,36
2,49,37
2,49,38
2,49,39
2,49,40
2,49,41
2,49,42
2,49,43
2,49,44
2,49,45
2,49,46
2,49,47
2,49,48
2,49,49
2,49,50
2,49,51
2,49,52
2,49,53
2,49,54
2,49,55
2,49,56
2,49,57
2,49,58
2,49,59
2,49,60
2,49,61
2,49,62
2,49,63
2,49,64
2,49,65
2,49,66
2,49,67
2,49,68
2,49,69
2,49,70
2,49,71
2,49,72
2,49,73
2,49,74
2,49,75
2,49,76
2,49,77
2,49,78
2,50,21
2,50,22
2,50,23
2,50,24
2,50,25
2,50,26
2,50,27
2,50,28
2,50,29
2,50,30
2,50,31
2,50,32
2,50,33
2,50,34
2,50,35
2,50,36
2,50,37
2,50,38
2,50,39
2,50,40
2,50,41
2,50,42
2,50,43
2,50,44
2,50,45
2,50,46
2,50,47
2,50,48
2,50,49
2,50,50
2,50,51
2,50,52
2,50,53
2,50,54
2,50,55
2,50,56
2,50,57
2,50,58
2,50,59
2,50,60
2,50,61
2,50,62
2,50,63
2,50,64
2,50,65
2,50,66
2,50,67
2,50,68
2,50,69
2,50,70
2,50,71
2,50,72
2,50,73
2,50,74
2,50,75
2,50,76
2,50,77
2,50,78
2,51,21
2,51,22
2,51,23
2,51,24
2,51,25
2,51,26
2,51,27
2,51,28
2,51,29
2,51,30
2,51,31
2,51,32
2,51,33
2,51,34
2,51,35
2,51,36
2,51,37
2,51,38
2,51,39
2,51,40
2,51,41
2,51,42
2,51,43
2,51,44
2,51,45
2,51,46
2,51,47
2,51,48
2,51,49
2,51,50
2,51,51
2,51,52
2,51,53
2,51,54
2,51,55
2,51,56
2,51,57
2,51,58
2,51,59
2,51,60
2,51,61
2,51,62
2,51,63
2,51,64
2,51,65
2,51,66
2,51,67
2,51,68
2,51,69
2,51,70
2,51,71
2,51,72
2,51,73
2,51,74
2,51,75
2,51,76
2,51,77
2,51,78
2,52,21
2,52,22
2,52,23
2,52,24
2,52,25
2,52,26
2,52,27
2,52,28
2,52,29
2,52,30
2,52,31
2,52,32
2,52,33
2,52,34
2,52,35
2,52,36
2,52,37
2,52,38
2,52,39
2,52,40
2,52,41
2,52,42
2,52,43
2,52,44
2,52,45
2,52,46
2,52,47
2,52,48
2,52,49
2,52,50
2,52,51
2,52,52
2,52,53
2,52,54
2,52,55
2,52,56
2,52,57
2,52,58
2,52,59
2,52,60
2,52,61
2,52,62
2,52,63
2,52,64
2,52,65
2,52,66
2,52,67
2,52,68
2,52,69
2,52,70
2,52,71
2,52,72
2,52,73
2,52,74
2,52,75
2,52,76
2,52,77
2,52,78
2,53,21
2,53,22
2,53,23
2,53,24
2,53,25
2,53,26
2,53,27
2,53,28
2,53,29
2,53,30
2,53,31
2,53,32
2,53,33
2,53,34
2,53,35
2,53,36
2,53,37
2,53,38
2,53,39
2,53,40
2,53,41
2,53,42
2,53,43
2,53,44
2,53,45
2,53,46
2,53,47
2,53,48
2,53,49
2,53,50
2,53,51
2,53,52
2,53,53
2,53,54
2,53,55
2,53,56
2,53,57
2,53,58
2,53,59
2,53,60
2,53,61
2,53,62
2,53,63
2,53,64
2,53,65
2,53,66
2,53,67
2,53,68
2,53,69
2,53,70
2,53,71
2,53,72
2,53,73
2,53,74
2,53,75
2,53,76
2,53,77
2,53,78
2,54,21
2,54,22
2,54,23
2,54,24
2,54,25
2,54,26
2,54,27
2,54,28
2,54,29
2,54,30
2,54,31
2,54,32
2,54,33
2,54,34
2,54,35
2,54,36
2,54,37
2,54,38
2,54,39
2,54,40
2,54,41
2,54,42
2,54,43
2,54,44
2,54,45
2,54,46
2,54,47
2,54,48
2,54,49
2,54,50
2,54,51
2,54,52
2,54,53
2,54,54
2,54,55
2,54,56
2,54,57
2,54,58
2,54,59
2,54,60
2,54,61
2,54,62
2,54,63
2,54,64
2,54,65
2,54,66
2,54,67
2,54,68
2,54,69
2,54,70
2,54,71
2,54,72
2,54,73
2,54,74
2,54,75
2,54,76
2,54,77
2,54,78
2,55,21
2,55,22
2,55,23
2,55,24
2,55,25
2,55,26
2,55,27
2,55,28
2,55,29
2,55,30
2,55,31
2,55,32
2,55,33
2,55,34
2,55,35
2,55,36
2,55,37
2,55,38
2,55,39
2,55,40
2,55,41
2,55,42
2,55,43
2,55,44
2,55,45
2,55,46
2,55,47
2,55,48
2,55,49
2,55,50
2,55,51
2,55,52
2,55,53
2,55,54
2,55,55
2,55,56
2,55,57
2,55,58
2,55,59
2,55,60
2,55,61
2,55,62
2,55,63
2,55,64
2,55,65
2,55,66
2,55,67
2,55,68
2,55,69
2,55,70
2,55,71
2,55,72
2,55,73
2,55,74
2,55,75
2,55,76
2,55,77
2,55,78
2,56,21
2,56,22
2,56,23
2,56,24
2,56,25
2,56,26
2,56,27
2,56,28
2,56,29
2,56,30
2,56,31
2,56,32
2,56,33
2,56,34
2,56,35
2,56,36
2,56,37
2,56,38
2,56,39
2,56,40
2,56,41
2,56,42
2,56,43
2,56,44
2,56,45
2,56,46
2,56,47
2,56,48
2,56,49
2,56,50
2,56,51
2,56,52
2,56,53
2,56,54
2,56,55
2,56,56
2,56,57
2,56,58
2,56,59
2,56,60
2,56,61
2,56,62
2,56,63
2,56,64
2,56,65
2,56,66
2,56,67
2,56,68
2,56,69
2,56,70
2,56,71
2,56,72
2,56,73
2,56,74
2,56,75
2,56,76
2,56,77
2,56,78
2,57,21
2,57,22
2,57,23
2,57,24
2,57,25
2,57,26
2,57,27
2,57,28
2,57,29
2,57,30
2,57,31
2,57,32
2,57,33
2,57,34
2,57,35
2,57,36
2,57,37
2,57,38
2,57,39
2,57,40
2,57,41
2,57,42
2,57,43
2,57,44
2,57,45
2,57,46
2,57,47
2,57,48
2,57,49
2,57,50
2,57,51
2,57,52
2,57,53
2,57,54
2,57,55
2,57,56
2,57,57
2,57,58
2,57,59
2,57,60
2,57,61
2,57,62
2,57,63
2,57,64
2,57,65
2,57,66
2,57,67
2,57,68
2,57,69
2,57,70
2,57,71
2,57,72
2,57,73
2,57,74
2,57,75
2,57,76
2,57,77
2,57,78
2,58,21
2,58,22
2,58,23
2,58,24
2,58,25
2,58,26
2,58,27
2,58,28
2,58,29
2,58,30
2,58,31
2,58,32
2,58,33
2,58,34
2,58,35
2,58,36
2,58,37
2,58,38
2,58,39
2,58,40
2,58,41
2,58,42
2,58,43
2,58,44
2,58,45
2,58,46
2,58,47
2,58,48
2,58,49
2,58,50
2,58,51
2,58,52
2,58,53
2,58,54
2,58,55
2,58,56
2,58,57
2,58,58
2,58,59
2,58,60
2,58,61
2,58,62
2,58,63
2,58,64
2,58,65
2,58,66
2,58,67
2,58,68
2,58,69
2,58,70
2,58,71
2,58,72
2,58,73
2,58,74
2,58,75
2,58,76
2,58,77
2,58,78
2,59,21
2,59,22
2,59,23
2,59,24
2,59,25
2,59,26
2,59,27
2,59,28
2,59,29
2,59,30
2,59,31
2,59,32
2,59,33
2,59,34
2,59,35
2,59,36
2,59,37
2,59,38
2,59,39
2,59,40
2,59,41
2,59,42
2,59,43
2,59,44
2,59,45
2,59,46
2,59,47
2,59,48
2,59,49
2,59,50
2,59,51
2,59,52
2,59,53
2,59,54
2,59,55
2,59,56
2,59,57
2,59,58
2,59,59
2,59,60
2,59,61
2,59,62
2,59,63
2,59,64
2,59,65
2,59,66
2,59,67
2,59,68
2,59,69
2,59,70
2,59,71
2,59,72
2,59,73
2,59,74
2,59,75
2,59,76
2,59,77
2,59,78
2,60,21
2,60,22
2,60,23
2,60,24
2,60,25
2,60,26
2,60,27
2,60,28
2,60,29
2,60,30
2,60,31
2,60,32
2,60,33
2,60,34
2,60,35
2,60,36
2,60,37
2,60,38
2,60,39
2,60,40
2,60,41
2,60,42
2,60,43
2,60,44
2,60,45
2,60,46
2,60,47
2,60,48
2,60,49
2,60,50
2,60,51
2,60,52
2,60,53
2,60,54
2,60,55
2,60,56
2,60,57
2,60,58
2,60,59
2,60,60
2,60,61
2,60,62
2,60,63
2,60,64
2,60,65
2,60,66
2,60,67
2,60,68
2,60,69
2,60,70
2,60,71
2,60,72
2,60,73
2,60,74
2,60,75
2,60,76
2,60,77
2,60,78
2,61,21
2,61,22
2,61,23
2,61,24
2,61,25
2,61,26
2,61,27
2,61,28
2,61,29
2,61,30
2,61,31
2,61,32
2,61,33
2,61,34
2,61,35
2,61,36
2,61,37
2,61,38
2,61,39
2,61,40
2,61,41
2,61,42
2,61,43
2,61,44
2,61,45
2,61,46
2,61,47
2,61,48
2,61,49
2,61,50
2,61,51
2,61,52
2,61,53
2,61,54
2,61,55
2,61,56
2,61,57
2,61,58
2,61,59
2,61,60
2,61,61
2,61,62
2,61,63
2,61,64
2,61,65
2,61,66
2,61,67
2,61,68
2,61,69
2,61,70
2,61,71
2,61,72
2,61,73
2,61,74
2,61,75
2,61,76
2,61,77
2,61,78
2,62,21
2,62,22
2,62,23
2,62,24
2,62,25
2,62,26
2,62,27
2,62,28
2,62,29
2,62,30
2,62,31
2,62,32
2,62,33
2,62,34
2,62,35
2,62,36
2,62,37
2,62,38
2,62,39
2,62,40
2,62,41
2,62,42
2,62,43
2,62,44
2,62,45
2,62,46
2,62,47
2,62,48
2,62,49
2,62,50
2,62,51
2,62,52
2,62,53
2,62,54
2,62,55
2,62,56
2,62,57
2,62,58
2,62,59
2,62,60
2,62,61
2,62,62
2,62,63
2,62,64
2,62,65
2,62,66
2,62,67
2,62,68
2,62,69
2,62,70
2,62,71
2,62,72
2,62,73
2,62,74
2,62,75
2,62,76
2,62,77
2,62,78
2,63,21
2,63,22
2,63,23
2,63,24
2,63,25
2,63,26
2,63,27
2,63,28
2,63,29
2,63,30
2,63,31
2,63,32
2,63,33
2,63,34
2,63,35
2,63,36
2,63,37
2,63,38
2,63,39
2,63,40
2,63,41
2,63,42
2,63,43
2,63,44
2,63,45
2,63,46
2,63,47
2,63,48
2,63,49
2,63,50
2,63,51
2,63,52
2,63,53
2,63,54
2,63,55
2,63,56
2,63,57
2,63,58
2,63,59
2,63,60
2,63,61
2,63,62
2,63,63
2,63,64
2,63,65
2,63,66
2,63,67
2,63,68
2,63,69
2,63,70
2,63,71
2,63,72
2,63,73
2,63,74
2,63,75
2,63,76
2,63,77
2,63,78
2,64,21
2,64,22
2,64,23
2,64,24
2,64,25
2,64,26
2,64,27
2,64,28
2,64,29
2,64,30
2,64,31
2,64,32
2,64,33
2,64,34
2,64,35
2,64,36
2,64,37
2,64,38
2,64,39
2,64,40
2,64,41
2,64,42
2,64,43
2,64,44
2,64,45
2,64,46
2,64,47
2,64,48
2,64,49
2,64,50
2,64,51
2,64,52
2,64,53
2,64,54
2,64,55
2,64,56
2,64,57
2,64,58
2,64,59
2,64,60
2,64,61
2,64,62
2,64,63
2,64,64
2,64,65
2,64,66
2,64,67
2,64,68
2,64,69
2,64,70
2,64,71
2,64,72
2,64,73
2,64,74
2,64,75
2,64,76
2,64,77
2,64,78
2,65,21
2,65,22
2,65,23
2,65,24
2,65,25
2,65,26
2,65,27
2,65,28
2,65,29
2,65,30
2,65,31
2,65,32
2,65,33
2,65,34
2,65,35
2,65,36
2,65,37
2,65,38
2,65,39
2,65,40
2,65,41
2,65,42
2,65,43
2,65,44
2,65,45
2,65,46
2,65,47
2,65,48
2,65,49
2,65,50
2,65,51
2,65,52
2,65,53
2,65,54
2,65,55
2,65,56
2,65,57
2,65,58
2,65,59
2,65,60
2,65,61
2,65,62
2,65,63
2,65,64
2,65,65
2,65,66
2,65,67
2,65,68
2,65,69
2,65,70
2,65,71
2,65,72
2,65,73
2,65,74
2,65,75
2,65,76
2,65,77
2,65,78
2,66,21
2,66,22
2,66,23
2,66,24
2,66,25
2,66,26
2,66,27
2,66,28
2,66,29
2,66,30
2,66,31
2,66,32
2,66,33
2,66,34
2,66,35
2,66,36
2,66,37
2,66,38
2,66,39
2,66,40
2,66,41
2,66,42
2,66,43
2,66,44
2,66,45
2,66,46
2,66,47
2,66,48
2,66,49
2,66,50
2,66,51
2,66,52
2,66,53
2,66,54
2,66,55
2,66,56
2,66,57
2,66,58
2,66,59
2,66,60
2,66,61
2,66,62
2,66,63
2,66,64
2,66,65
2,66,66
2,66,67
2,66,68
2,66,69
2,66,70
2,66,71
2,66,72
2,66,73
2,66,74
2,66,75
2,66,76
2,66,77
2,66,78
2,67,21
2,67,22
2,67,23
2,67,24
2,67,25
2,67,26
2,67,27
2,67,28
2,67,29
2,67,30
2,67,31
2,67,32
2,67,33
2,67,34
2,67,35
2,67,36
2,67,37
2,67,38
2,67,39
2,67,40
2,67,41
2,67,42
2,67,43
2,67,44
2,67,45
2,67,46
2,67,47
2,67,48
2,67,49
2,67,50
2,67,51
2,67,52
2,67,53
2,67,54
2,67,55
2,67,56
2,67,57
2,67,58
2,67,59
2,67,60
2,67,61
2,67,62
2,67,63
2,67,64
2,67,65
2,67,66
2,67,67
2,67,68
2,67,69
2,67,70
2,67,71
2,67,72
2,67,73
2,67,74
2,67,75
2,67,76
2,67,77
2,67,78
2,68,21
2,68,22
2,68,23
2,68,24
2,68,25
2,68,26
2,68,27
2,68,28
2,68,29
2,68,30
2,68,31
2,68,32
2,68,33
2,68,34
2,68,35
2,68,36
2,68,37
2,68,38
2,68,39
2,68,40
2,68,41
2,68,42
2,68,43
2,68,44
2,68,45
2,68,46
2,68,47
2,68,48
2,68,49
2,68,50
2,68,51
2,68,52
2,68,53
2,68,54
2,68,55
2,68,56
2,68,57
2,68,58
2,68,59
2,68,60
2,68,61
2,68,62
2,68,63
2,68,64
2,68,65
2,68,66
2,68,67
2,68,68
2,68,69
2,68,70
2,68,71
2,68,72
2,68,73
2,68,74
2,68,75
2,68,76
2,68,77
2,68,78
2,69,21
2,69,22
2,69,23
2,69,24
2,69,25
2,69,26
2,69,27
2,69,28
2,69,29
2,69,30
2,69,31
2,69,32
2,69,33
2,69,34
2,69,35
2,69,36
2,69,37
2,69,38
2,69,39
2,69,40
2,69,41
2,69,42
2,69,43
2,69,44
2,69,45
2,69,46
2,69,47
2,69,48
2,69,49
2,69,50
2,69,51
2,69,52
2,69,53
2,69,54
2,69,55
2,69,56
2,69,57
2,69,58
2,69,59
2,69,60
2,69,61
2,69,62
2,69,63
2,69,64
2,69,65
2,69,66
2,69,67
2,69,68
2,69,69
2,69,70
2,69,71
2,69,72
2,69,73
2,69,74
2,69,75
2,69,76
2,69,77
2,69,78
2,70,21
2,70,22
2,70,23
2,70,24
2,70,25
2,70,26
2,70,27
2,70,28
2,70,29
2,70,30
2,70,31
2,70,32
2,70,33
2,70,34
2,70,35
2,70,36
2,70,37
2,70,38
2,70,39
2,70,40
2,70,41
2,70,42
2,70,43
2,70,44
2,70,45
2,70,46
2,70,47
2,70,48
2,70,49
2,70,50
2,70,51
2,70,52
2,70,53
2,70,54
2,70,55
2,70,56
2,70,57
2,70,58
2,70,59
2,70,60
2,70,61
2,70,62
2,70,63
2,70,64
2,70,65
2,70,66
2,70,67
2,70,68
2,70,69
2,70,70
2,70,71
2,70,72
2,70,73
2,70,74
2,70,75
2,70,76
2,70,77
2,70,78
2,71,21
2,71,22
2,71,23
2,71,24
2,71,25
2,71,26
2,71,27
2,71,28
2,71,29
2,71,30
2,71,31
2,71,32
2,71,33
2,71,34
2,71,35
2,71,36
2,71,37
2,71,38
2,71,39
2,71,40
2,71,41
2,71,42
2,71,43
2,71,44
2,71,45
2,71,46
2,71,47
2,71,48
2,71,49
2,71,50
2,71,51
2,71,52
2,71,53
2,71,54
2,71,55
2,71,56
2,71,57
2,71,58
2,71,59
2,71,60
2,71,61
2,71,62
2,71,63
2,71,64
2,71,65
2,71,66
2,71,67
2,71,68
2,71,69
2,71,70
2,71,71
2,71,72
2,71,73
2,71,74
2,71,75
2,71,76
2,71,77
2,71,78
2,72,21
2,72,22
2,72,23
2,72,24
2,72,25
2,72,26
2,72,27
2,72,28
2,72,29
2,72,30
2,72,31
2,72,32
2,72,33
2,72,34
2,72,35
2,72,36
2,72,37
2,72,38
2,72,39
2,72,40
2,72,41
2,72,42
2,72,43
2,72,44
2,72,45
2,72,46
2,72,47
2,72,48
2,72,49
2,72,50
2,72,51
2,72,52
2,72,53
2,72,54
2,72,55
2,72,56
2,72,57
2,72,58
2,72,59
2,72,60
2,72,61
2,72,62
2,72,63
2,72,64
2,72,65
2,72,66
2,72,67
2,72,68
2,72,69
2,72,70
2,72,71
2,72,72
2,72,73
2,72,74
2,72,75
2,72,76
2,72,77
2,72,78
2,73,21
2,73,22
2,73,23
2,73,24
2,73,25
2,73,26
2,73,27
2,73,28
2,73,29
2,73,30
2,73,31
2,73,32
2,73,33
2,73,34
2,73,35
2,73,36
2,73,37
2,73,38
2,73,39
2,73,40
2,73,41
2,73,42
2,73,43
2,73,44
2,73,45
2,73,46
2,73,47
2,73,48
2,73,49
2,73,50
2,73,51
2,73,52
2,73,53
2,73,54
2,73,55
2,73,56
2,73,57
2,73,58
2,73,59
2,73,60
2,73,61
2,73,62
2,73,63
2,73,64
2,73,65
2,73,66
2,73,67
2,73,68
2,73,69
2,73,70
2,73,71
2,73,72
2,73,73
2,73,74
2,73,75
2,73,76
2,73,77
2,73,78
2,74,21
2,74,22
2,74,23
2,74,24
2,74,25
2,74,26
2,74,27
2,74,28
2,74,29
2,74,30
2,74,31
2,74,32
2,74,33
2,74,34
2,74,35
2,74,36
2,74,37
2,74,38
2,74,39
2,74,40
2,74,41
2,74,42
2,74,43
2,74,44
2,74,45
2,74,46
2,74,47
2,74,48
2,74,49
2,74,50
2,74,51
2,74,52
2,74,53
2,74,54
2,74,55
2,74,56
2,74,57
2,74,58
2,74,59
2,74,60
2,74,61
2,74,62
2,74,63
2,74,64
2,74,65
2,74,66
2,74,67
2,74,68
2,74,69
2,74,70
2,74,71
2,74,72
2,74,73
2,74,74
2,74,75
2,74,76
2,74,77
2,74,78
2,75,21
2,75,22
2,75,23
2,75,24
2,75,25
2,75,26
2,75,27
2,75,28
2,75,29
2,75,30
2,75,31
2,75,32
2,75,33
2,75,34
2,75,35
2,75,36
2,75,37
2,75,38
2,75,39
2,75,40
2,75,41
2,75,42
2,75,43
2,75,44
2,75,45
2,75,46
2,75,47
2,75,48
2,75,49
2,75,50
2,75,51
2,75,52
2,75,53
2,75,54
2,75,55
2,75,56
2,75,57
2,75,58
2,75,59
2,75,60
2,75,61
2,75,62
2,75,63
2,75,64
2,75,65
2,75,66
2,75,67
2,75,68
2,75,69
2,75,70
2,75,71
2,75,72
2,75,73
2,75,74
2,75,75
2,75,76
2,75,77
2,75,78
2,76,21
2,76,22
2,76,23
2,76,24
2,76,25
2,76,26
2,76,27
2,76,28
2,76,29
2,76,30
2,76,31
2,76,32
2,76,33
2,76,34
2,76,35
2,76,36
2,76,37
2,76,38
2,76,39
2,76,40
2,76,41
2,76,42
2,76,43
2,76,44
2,76,45
2,76,46
2,76,47
2,76,48
2,76,49
2,76,50
2,76,51
2,76,52
2,76,53
2,76,54
2,76,55
2,76,56
2,76,57
2,76,58
2,76,59
2,76,60
2,76,61
2,76,62
2,76,63
2,76,64
2,76,65
2,76,66
2,76,67
2,76,68
2,76,69
2,76,70
2,76,71
2,76,72
2,76,73
2,76,74
2,76,75
2,76,76
2,76,77
2,76,78
2,77,21
2,77,22
2,77,23
2,77,24
2,77,25
2,77,26
2,77,27
2,77,28
2,77,29
2,77,30
2,77,31
2,77,32
2,77,33
2,77,34
2,77,35
2,77,36
2,77,37
2,77,38
2,77,39
2,77,40
2,77,41
2,77,42
2,77,43
2,77,44
2,77,45
2,77,46
2,77,47
2,77,48
2,77,49
2,77,50
2,77,51
2,77,52
2,77,53
2,77,54
2,77,55
2,77,56
2,77,57
2,77,58
2,77,59
2,77,60
2,77,61
2,77,62
2,77,63
2,77,64
2,77,65
2,77,66
2,77,67
2,77,68
2,77,69
2,77,70
2,77,71
2,77,72
2,77,73
2,77,74
2,77,75
2,77,76
2,77,77
2,77,78
2,78,21
2,78,22
2,78,23
2,78,24
2,78,25
2,78,26
2,78,27
2,78,28
2,78,29
2,78,30
2,78,31
2,78,32
2,78,33
2,78,34
2,78,35
2,78,36
2,78,37
2,78,38
2,78,39
2,78,40
2,78,41
2,78,42
2,78,43
2,78,44
2,78,45
2,78,46
2,78,47
2,78,48
2,78,49
2,78,50
2,78,51
2,78,52
2,78,53
2,78,54
2,78,55
2,78,56
2,78,57
2,78,58
2,78,59
2,78,60
2,78,61
2,78,62
2,78,63
2,78,64
2,78,65
2,78,66
2,78,67
2,78,68
2,78,69
2,78,70
2,78,71
2,78,72
2,78,73
2,78,74
2,78,75
2,78,76
2,78,77
2,78,78
2,79,21
2,79,22
2,79,23
2,79,24
2,79,25
2,79,26
2,79,27
2,79,28
2,79,29
2,79,30
2,79,31
2,79,32
2,79,33
2,79,34
2,79,35
2,79,36
2,79,37
2,79,38
2,79,39
2,79,40
2,79,41
2,79,42
2,79,43
2,79,44
2,79,45
2,79,46
2,79,47
2,79,48
2,79,49
2,79,50
2,79,51
2,79,52
2,79,53
2,79,54
2,79,55
2,79,56
2,79,57
2,79,58
2,79,59
2,79,60
2,79,61
2,79,62
2,79,63
2,79,64
2,79,65
2,79,66
2,79,67
2,79,68
2,79,69
2,79,70
2,79,71
2,79,72
2,79,73
2,79,74
2,79,75
2,79,76
2,79,77
2,79,78
2,80,21
2,80,22
2,80,23
2,80,24
2,80,25
2,80,26
2,80,27
2,80,28
2,80,29
2,80,30
2,80,31
2,80,32
2,80,33
2,80,34
2,80,35
2,80,36
2,80,37
2,80,38
2,80,39
2,80,40
2,80,41
2,80,42
2,80,43
2,80,44
2,80,45
2,80,46
2,80,47
2,80,48
2,80,49
2,80,50
2,80,51
2,80,52
2,80,53
2,80,54
2,80,55
2,80,56
2,80,57
2,80,58
2,80,59
2,80,60
2,80,61
2,80,62
2,80,63
2,80,64
2,80,65
2,80,66
2,80,67
2,80,68
2,80,69
2,80,70
2,80,71
2,80,72
2,80,73
2,80,74
2,80,75
2,80,76
2,80,77
2,80,78
2,81,21
2,81,22
2,81,23
2,81,24
2,81,25
2,81,26
2,81,27
2,81,28
2,81,29
2,81,30
2,81,31
2,81,32
2,81,33
2,81,34
2,81,35
2,81,36
2,81,37
2,81,38
2,81,39
2,81,40
2,81,41
2,81,42
2,81,43
2,81,44
2,81,45
2,81,46
2,81,47
2,81,48
2,81,49
2,81,50
2,81,51
2,81,52
2,81,53
2,81,54
2,81,55
2,81,56
2,81,57
2,81,58
2,81,59
2,81,60
2,81,61
2,81,62
2,81,63
2,81,64
2,81,65
2,81,66
2,81,67
2,81,68
2,81,69
2,81,70
2,81,71
2,81,72
2,81,73
2,81,74
2,81,75
2,81,76
2,81,77
2,81,78
2,82,21
2,82,22
2,82,23
2,82,24
2,82,25
2,82,26
2,82,27
2,82,28
2,82,29
2,82,30
2,82,31
2,82,32
2,82,33
2,82,34
2,82,35
2,82,36
2,82,37
2,82,38
2,82,39
2,82,40
2,82,41
2,82,42
2,82,43
2,82,44
2,82,45
2,82,46
2,82,47
2,82,48
2,82,49
2,82,50
2,82,51
2,82,52
2,82,53
2,82,54
2,82,55
2,82,56
2,82,57
2,82,58
2,82,59
2,82,60
2,82,61
2,82,62
2,82,63
2,82,64
2,82,65
2,82,66
2,82,67
2,82,68
2,82,69
2,82,70
2,82,71
2,82,72
2,82,73
2,82,74
2,82,75
2,82,76
2,82,77
2,82,78
2,83,21
2,83,22
2,83,23
2,83,24
2,83,25
2,83,26
2,83,27
2,83,28
2,83,29
2,83,30
2,83,31
2,83,32
2,83,33
2,83,34
2,83,35
2,83,36
2,83,37
2,83,38
2,83,39
2,83,40
2,83,41
2,83,42
2,83,43
2,83,44
2,83,45
2,83,46
2,83,47
2,83,48
2,83,49
2,83,50
2,83,51
2,83,52
2,83,53
2,83,54
2,83,55
2,83,56
2,83,57
2,83,58
2,83,59
2,83,60
2,83,61
2,83,62
2,83,63
2,83,64
2,83,65
2,83,66
2,83,67
2,83,68
2,83,69
2,83,70
2,83,71
2,83,72
2,83,73
2,83,74
2,83,75
2,83,76
2,83,77
2,83,78
2,84,21
2,84,22
2,84,23
2,84,24
2,84,25
2,84,26
2,84,27
2,84,28
2,84,29
2,84,30
2,84,31
2,84,32
2,84,33
2,84,34
2,84,35
2,84,36
2,84,37
2,84,38
2,84,39
2,84,40
2,84,41
2,84,42
2,84,43
2,84,44
2,84,45
2,84,46
2,84,47
2,84,48
2,84,49
2,84,50
2,84,51
2,84,52
2,84,53
2,84,54
2,84,55
2,84,56
2,84,57
2,84,58
2,84,59
2,84,60
2,84,61
2,84,62
2,84,63
2,84,64
2,84,65
2,84,66
2,84,67
2,84,68
2,84,69
2,84,70
2,84,71
2,84,72
2,84,73
2,84,74
2,84,75
2,84,76
2,84,77
2,84,78
2,85,21
2,85,22
2,85,23
2,85,24
2,85,25
2,85,26
2,85,27
2,85,28
2,85,29
2,85,30
2,85,31
2,85,32
2,85,33
2,85,34
2,85,35
2,85,36
2,85,37
2,85,38
2,85,39
2,85,40
2,85,41
2,85,42
2,85,43
2,85,44
2,85,45
2,85,46
2,85,47
2,85,48
2,85,49
2,85,50
2,85,51
2,85,52
2,85,53
2,85,54
2,85,55
2,85,56
2,85,57
2,85,58
2,85,59
2,85,60
2,85,61
2,85,62
2,85,63
2,85,64
2,85,65
2,85,66
2,85,67
2,85,68
2,85,69
2,85,70
2,85,71
2,85,72
2,85,73
2,85,74
2,85,75
2,85,76
2,85,77
2,85,78
2,86,21
2,86,22
2,86,23
2,86,24
2,86,25
2,86,26
2,86,27
2,86,28
2,86,29
2,86,30
2,86,31
2,86,32
2,86,33
2,86,34
2,86,35
2,86,36
2,86,37
2,86,38
2,86,39
2,86,40
2,86,41
2,86,42
2,86,43
2,86,44
2,86,45
2,86,46
2,86,47
2,86,48
2,86,49
2,86,50
2,86,51
2,86,52
2,86,53
2,86,54
2,86,55
2,86,56
2,86,57
2,86,58
2,86,59
2,86,60
2,86,61
2,86,62
2,86,63
2,86,64
2,86,65
2,86,66
2,86,67
2,86,68
2,86,69
2,86,70
2,86,71
2,86,72
2,86,73
2,86,74
2,86,75
2,86,76
2,86,77
2,86,78
2,87,21
2,87,22
2,87,23
2,87,24
2,87,25
2,87,26
2,87,27
2,87,28
2,87,29
2,87,30
2,87,31
2,87,32
2,87,33
2,87,34
2,87,35
2,87,36
2,87,37
2,87,38
2,87,39
2,87,40
2,87,41
2,87,42
2,87,43
2,87,44
2,87,45
2,87,46
2,87,47
2,87,48
2,87,49
2,87,50
2,87,51
2,87,52
2,87,53
2,87,54
2,87,55
2,87,56
2,87,57
2,87,58
2,87,59
2,87,60
2,87,61
2,87,62
2,87,63
2,87,64
2,87,65
2,87,66
2,87,67
2,87,68
2,87,69
2,87,70
2,87,71
2,87,72
2,87,73
2,87,74
2,87,75
2,87,76
2,87,77
2,87,78
2,88,21
2,88,22
2,88,23
2,88,24
2,88,25
2,88,26
2,88,27
2,88,28
2,88,29
2,88,30
2,88,31
2,88,32
2,88,33
2,88,34
2,88,35
2,88,36
2,88,37
2,88,38
2,88,39
2,88,40
2,88,41
2,88,42
2,88,43
2,88,44
2,88,45
2,88,46
2,88,47
2,88,48
2,88,49
2,88,50
2,88,51
2,88,52
2,88,53
2,88,54
2,88,55
2,88,56
2,88,57
2,88,58
2,88,59
2,88,60
2,88,61
2,88,62
2,88,63
2,88,64
2,88,65
2,88,66
2,88,67
2,88,68
2,88,69
2,88,70
2,88,71
2,88,72
2,88,73
2,88,74
2,88,75
2,88,76
2,88,77
2,88,78
2,89,21
2,89,22
2,89,23
2,89,24
2,89,25
2,89,26
2,89,27
2,89,28
2,89,29
2,89,30
2,89,31
2,89,32
2,89,33
2,89,34
2,89,35
2,89,36
2,89,37
2,89,38
2,89,39
2,89,40
2,89,41
2,89,42
2,89,43
2,89,44
2,89,45
2,89,46
2,89,47
2,89,48
2,89,49
2,89,50
2,89,51
2,89,52
2,89,53
2,89,54
2,89,55
2,89,56
2,89,57
2,89,58
2,89,59
2,89,60
2,89,61
2,89,62
2,89,63
2,89,64
2,89,65
2,89,66
2,89,67
2,89,68
2,89,69
2,89,70
2,89,71
2,89,72
2,89,73
2,89,74
2,89,75
2,89,76
2,89,77
2,89,78
2,90,21
2,90,22
2,90,23
2,90,24
2,90,25
2,90,26
2,90,27
2,90,28
2,90,29
2,90,30
2,90,31
2,90,32
2,90,33
2,90,34
2,90,35
2,90,36
2,90,37
2,90,38
2,90,39
2,90,40
2,90,41
2,90,42
2,90,43
2,90,44
2,90,45
2,90,46
2,90,47
2,90,48
2,90,49
2,90,50
2,90,51
2,90,52
2,90,53
2,90,54
2,90,55
2,90,56
2,90,57
2,90,58
2,90,59
2,90,60
2,90,61
2,90,62
2,90,63
2,90,64
2,90,65
2,90,66
2,90,67
2,90,68
2,90,69
2,90,70
2,90,71
2,90,72
2,90,73
2,90,74
2,90,75
2,90,76
2,90,77
2,90,78
2,91,21
2,91,22
2,91,23
2,91,24
2,91,25
2,91,26
2,91,27
2,91,28
2,91,29
2,91,30
2,91,31
2,91,32
2,91,33
2,91,34
2,91,35
2,91,36
2,91,37
2,91,38
2,91,39
2,91,40
2,91,41
2,91,42
2,91,43
2,91,44
2,91,45
2,91,46
2,91,47
2,91,48
2,91,49
2,91,50
2,91,51
2,91,52
2,91,53
2,91,54
2,91,55
2,91,56
2,91,57
2,91,58
2,91,59
2,91,60
2,91,61
2,91,62
2,91,63
2,91,64
2,91,65
2,91,66
2,91,67
2,91,68
2,91,69
2,91,70
2,91,71
2,91,72
2,91,73
2,91,74
2,91,75
2,91,76
2,91,77
2,91,78
2,92,21
2,92,22
2,92,23
2,92,24
2,92,25
2,92,26
2,92,27
2,92,28
2,92,29
2,92,30
2,92,31
2,92,32
2,92,33
2,92,34
2,92,35
2,92,36
2,92,37
2,92,38
2,92,39
2,92,40
2,92,41
2,92,42
2,92,43
2,92,44
2,92,45
2,92,46
2,92,47
2,92,48
2,92,49
2,92,50
2,92,51
2,92,52
2,92,53
2,92,54
2,92,55
2,92,56
2,92,57
2,92,58
2,92,59
2,92,60
2,92,61
2,92,62
2,92,63
2,92,64
2,92,65
2,92,66
2,92,67
2,92,68
2,92,69
2,92,70
2,92,71
2,92,72
2,92,73
2,92,74
2,92,75
2,92,76
2,92,77
2,92,78
2,93,21
2,93,22
2,93,23
2,93,24
2,93,25
2,93,26
2,93,27
2,93,28
2,93,29
2,93,30
2,93,31
2,93,32
2,93,33
2,93,34
2,93,35
2,93,36
2,93,37
2,93,38
2,93,39
2,93,40
2,93,41
2,93,42
2,93,43
2,93,44
2,93,45
2,93,46
2,93,47
2,93,48
2,93,49
2,93,50
2,93,51
2,93,52
2,93,53
2,93,54
2,93,55
2,93,56
2,93,57
2,93,58
2,93,59
2,93,60
2,93,61
2,93,62
2,93,63
2,93,64
2,93,65
2,93,66
2,93,67
2,93,68
2,93,69
2,93,70
2,93,71
2,93,72
2,93,73
2,93,74
2,93,75
2,93,76
2,93,77
2,93,78
2,94,21
2,94,22
2,94,23
2,94,24
2,94,25
2,94,26
2,94,27
2,94,28
2,94,29
2,94,30
2,94,31
2,94,32
2,94,33
2,94,34
2,94,35
2,94,36
2,94,37
2,94,38
2,94,39
2,94,40
2,94,41
2,94,42
2,94,43
2,94,44
2,94,45
2,94,46
2,94,47
2,94,48
2,94,49
2,94,50
2,94,51
2,94,52
2,94,53
2,94,54
2,94,55
2,94,56
2,94,57
2,94,58
2,94,59
2,94,60
2,94,61
2,94,62
2,94,63
2,94,64
2,94,65
2,94,66
2,94,67
2,94,68
2,94,69
2,94,70
2,94,71
2,94,72
2,94,73
2,94,74
2,94,75
2,94,76
2,94,77
2,94,78
2,95,21
2,95,22
2,95,23
2,95,24
2,95,25
2,95,26
2,95,27
2,95,28
2,95,29
2,95,30
2,95,31
2,95,32
2,95,33
2,95,34
2,95,35
2,95,36
2,95,37
2,95,38
2,95,39
2,95,40
2,95,41
2,95,42
2,95,43
2,95,44
2,95,45
2,95,46
2,95,47
2,95,48
2,95,49
2,95,50
2,95,51
2,95,52
2,95,53
2,95,54
2,95,55
2,95,56
2,95,57
2,95,58
2,95,59
2,95,60
2,95,61
2,95,62
2,95,63
2,95,64
2,95,65
2,95,66
2,95,67
2,95,68
2,95,69
2,95,70
2,95,71
2,95,72
2,95,73
2,95,74
2,95,75
2,95,76
2,95,77
2,95,78
2,96,21
2,96,22
2,96,23
2,96,24
2,96,25
2,96,26
2,96,27
2,96,28
2,96,29
2,96,30
2,96,31
2,96,32
2,96,33
2,96,34
2,96,35
2,96,36
2,96,37
2,96,38
2,96,39
2,96,40
2,96,41
2,96,42
2,96,43
2,96,44
2,96,45
2,96,46
2,96,47
2,96,48
2,96,49
2,96,50
2,96,51
2,96,52
2,96,53
2,96,54
2,96,55
2,96,56
2,96,57
2,96,58
2,96,59
2,96,60
2,96,61
2,96,62
2,96,63
2,96,64
2,96,65
2,96,66
2,96,67
2,96,68
2,96,69
2,96,70
2,96,71
2,96,72
2,96,73
2,96,74
2,96,75
2,96,76
2,96,77
2,96,78
2,97,21
2,97,22
2,97,23
2,97,24
2,97,25
2,97,26
2,97,27
2,97,28
2,97,29
2,97,30
2,97,31
2,97,32
2,97,33
2,97,34
2,97,35
2,97,36
2,97,37
2,97,38
2,97,39
2,97,40
2,97,41
2,97,42
2,97,43
2,97,44
2,97,45
2,97,46
2,97,47
2,97,48
2,97,49
2,97,50
2,97,51
2,97,52
2,97,53
2,97,54
2,97,55
2,97,56
2,97,57
2,97,58
2,97,59
2,97,60
2,97,61
2,97,62
2,97,63
2,97,64
2,97,65
2,97,66
2,97,67
2,97,68
2,97,69
2,97,70
2,97,71
2,97,72
2,97,73
2,97,74
2,97,75
2,97,76
2,97,77
2,97,78
2,98,21
2,98,22
2,98,23
2,98,24
2,98,25
2,98,26
2,98,27
2,98,28
2,98,29
2,98,30
2,98,31
2,98,32
2,98,33
2,98,34
2,98,35
2,98,36
2,98,37
2,98,38
2,98,39
2,98,40
2,98,41
2,98,42
2,98,43
2,98,44
2,98,45
2,98,46
2,98,47
2,98,48
2,98,49
2,98,50
2,98,51
2,98,52
2,98,53
2,98,54
2,98,55
2,98,56
2,98,57
2,98,58
2,98,59
2,98,60
2,98,61
2,98,62
2,98,63
2,98,64
2,98,65
2,98,66
2,98,67
2,98,68
2,98,69
2,98,70
2,98,71
2,98,72
2,98,73
2,98,74
2,98,75
2,98,76
2,98,77
2,98,78
2,99,21
2,99,22
2,99,23
2,99,24
2,99,25
2,99,26
2,99,27
2,99,28
2,99,29
2,99,30
2,99,31
2,99,32
2,99,33
2,99,34
2,99,35
2,99,36
2,99,37
2,99,38
2,99,39
2,99,40
2,99,41
2,99,42
2,99,43
2,99,44
2,99,45
2,99,46
2,99,47
2,99,48
2,99,49
2,99,50
2,99,51
2,99,52
2,99,53
2,99,54
2,99,55
2,99,56
2,99,57
2,99,58
2,99,59
2,99,60
2,99,61
2,99,62
2,99,63
2,99,64
2,99,65
2,99,66
2,99,67
2,99,68
2,99,69
2,99,70
2,99,71
2,99,72
2,99,73
2,99,74
2,99,75
2,99,76
2,99,77
2,99,78
3,125,34
3,125,35
3,125,36
3,125,37
3,125,38
3,125,39
3,125,40
3,125,41
3,125,42
3,125,43
3,125,44
3,125,45
3,125,46
3,125,47
3,125,48
3,125,49
3,125,50
3,125,51
3,125,52
3,125,53
3,125,54
3,125,55
3,125,56
3,125,57
3,125,58
3,125,59
3,125,60
3,125,61
3,125,62
3,125,63
3,125,64
3,125,65
3,125,66
3,125,67
3,125,68
3,125,69
3,125,70
3,125,71
3,125,72
3,125,73
3,125,74
3,125,75
3,125,76
3,125,77
3,125,78
3,125,79
3,125,80
3,125,81
3,125,82
3,125,83
3,125,84
3,125,85
3,125,86
3,125,87
3,125,88
3,125,89
3,125,90
3,125,91
3,125,92
3,125,93
3,125,94
3,125,95
3,125,96
3,125,97
3,125,98
3,125,99
3,126,34
3,126,35
3,126,36
3,126,37
3,126,38
3,126,39
3,126,40
3,126,41
3,126,42
3,126,43
3,126,44
3,126,45
3,126,46
3,126,47
3,126,48
3,126,49
3,126,50
3,126,51
3,126,52
3,126,53
3,126,54
3,126,55
3,126,56
3,126,57
3,126,58
3,126,59
3,126,60
3,126,61
3,126,62
3,126,63
3,126,64
3,126,65
3,126,66
3,126,67
3,126,68
3,126,69
3,126,70
3,126,71
3,126,72
3,126,73
3,126,74
3,126,75
3,126,76
3,126,77
3,126,78
3,126,79
3,126,80
3,126,81
3,126,82
3,126,83
3,126,84
3,126,85
3,126,86
3,126,87
3,126,88
3,126,89
3,126,90
3,126,91
3,126,92
3,126,93
3,126,94
3,126,95
3,126,96
3,126,97
3,126,98
3,126,99
3,127,34
3,127,35
3,127,36
3,127,37
3,127,38
3,127,39
3,127,40
3,127,41
3,127,42
3,127,43
3,127,44
3,127,45
3,127,46
3,127,47
3,127,48
3,127,49
3,127,50
3,127,51
3,127,52
3,127,53
3,127,54
3,127,55
3,127,56
3,127,57
3,127,58
3,127,59
3,127,60
3,127,61
3,127,62
3,127,63
3,127,64
3,127,65
3,127,66
3,127,67
3,127,68
3,127,69
3,127,70
3,127,71
3,127,72
3,127,73
3,127,74
3,127,75
3,127,76
3,127,77
3,127,78
3,127,79
3,127,80
3,127,81
3,127,82
3,127,83
3,127,84
3,127,85
3,127,86
3,127,87
3,127,88
3,127,89
3,127,90
3,127,91
3,127,92
3,127,93
3,127,94
3,127,95
3,127,96
3,127,97
3,127,98
3,127,99
3,128,34
3,128,35
3,128,36
3,128,37
3,128,38
3,128,39
3,128,40
3,128,41
3,128,42
3,128,43
3,128,44
3,128,45
3,128,46
3,128,47
3,128,48
3,128,49
3,128,50
3,128,51
3,128,52
3,128,53
3,128,54
3,128,55
3,128,56
3,128,57
3,128,58
3,128,59
3,128,60
3,128,61
3,128,62
3,128,63
3,128,64
3,128,65
3,128,66
3,128,67
3,128,68
3,128,69
3,128,70
3,128,71
3,128,72
3,128,73
3,128,74
3,128,75
3,128,76
3,128,77
3,128,78
3,128,79
3,128,80
3,128,81
3,128,82
3,128,83
3,128,84
3,128,85
3,128,86
3,128,87
3,128,88
3,128,89
3,128,90
3,128,91
3,128,92
3,128,93
3,128,94
3,128,95
3,128,96
3,128,97
3,128,98
3,128,99
3,129,34
3,129,35
3,129,36
3,129,37
3,129,38
3,129,39
3,129,40
3,129,41
3,129,42
3,129,43
3,129,44
3,129,45
3,129,46
3,129,47
3,129,48
3,129,49
3,129,50
3,129,51
3,129,52
3,129,53
3,129,54
3,129,55
3,129,56
3,129,57
3,129,58
3,129,59
3,129,60
3,129,61
3,129,62
3,129,63
3,129,64
3,129,65
3,129,66
3,129,67
3,129,68
3,129,69
3,129,70
3,129,71
3,129,72
3,129,73
3,129,74
3,129,75
3,129,76
3,129,77
3,129,78
3,129,79
3,129,80
3,129,81
3,129,82
3,129,83
3,129,84
3,129,85
3,129,86
3,129,87
3,129,88
3,129,89
3,129,90
3,129,91
3,129,92
3,129,93
3,129,94
3,129,95
3,129,96
3,129,97
3,129,98
3,129,99
3,130,34
3,130,35
3,130,36
3,130,37
3,130,38
3,130,39
3,130,40
3,130,41
3,130,42
3,130,43
3,130,44
3,130,45
3,130,46
3,130,47
3,130,48
3,130,49
3,130,50
3,130,51
3,130,52
3,130,53
3,130,54
3,130,55
3,130,56
3,130,57
3,130,58
3,130,59
3,130,60
3,130,61
3,130,62
3,130,63
3,130,64
3,130,65
3,130,66
3,130,67
3,130,68
3,130,69
3,130,70
3,130,71
3,130,72
3,130,73
3,130,74
3,130,75
3,130,76
3,130,77
3,130,78
3,130,79
3,130,80
3,130,81
3,130,82
3,130,83
3,130,84
3,130,85
3,130,86
3,130,87
3,130,88
3,130,89
3,130,90
3,130,91
3,130,92
3,130,93
3,130,94
3,130,95
3,130,96
3,130,97
3,130,98
3,130,99
3,131,34
3,131,35
3,131,36
3,131,37
3,131,38
3,131,39
3,131,40
3,131,41
3,131,42
3,131,43
3,131,44
3,131,45
3,131,46
3,131,47
3,131,48
3,131,49
3,131,50
3,131,51
3,131,52
3,131,53
3,131,54
3,131,55
3,131,56
3,131,57
3,131,58
3,131,59
3,131,60
3,131,61
3,131,62
3,131,63
3,131,64
3,131,65
3,131,66
3,131,67
3,131,68
3,131,69
3,131,70
3,131,71
3,131,72
3,131,73
3,131,74
3,131,75
3,131,76
3,131,77
3,131,78
3,131,79
3,131,80
3,131,81
3,131,82
3,131,83
3,131,84
3,131,85
3,131,86
3,131,87
3,131,88
3,131,89
3,131,90
3,131,91
3,131,92
3,131,93
3,131,94
3,131,95
3,131,96
3,131,97
3,131,98
3,131,99
3,132,34
3,132,35
3,132,36
3,132,37
3,132,38
3,132,39
3,132,40
3,132,41
3,132,42
3,132,43
3,132,44
3,132,45
3,132,46
3,132,47
3,132,48
3,132,49
3,132,50
3,132,51
3,132,52
3,132,53
3,132,54
3,132,55
3,132,56
3,132,57
3,132,58
3,132,59
3,132,60
3,132,61
3,132,62
3,132,63
3,132,64
3,132,65
3,132,66
3,132,67
3,132,68
3,132,69
3,132,70
3,132,71
3,132,72
3,132,73
3,132,74
3,132,75
3,132,76
3,132,77
3,132,78
3,132,79
3,132,80
3,132,81
3,132,82
3,132,83
3,132,84
3,132,85
3,132,86
3,132,87
3,132,88
3,132,89
3,132,90
3,132,91
3,132,92
3,132,93
3,132,94
3,132,95
3,132,96
3,132,97
3,132,98
3,132,99
3,133,34
3,133,35
3,133,36
3,133,37
3,133,38
3,133,39
3,133,40
3,133,41
3,133,42
3,133,43
3,133,44
3,133,45
3,133,46
3,133,47
3,133,48
3,133,49
3,133,50
3,133,51
3,133,52
3,133,53
3,133,54
3,133,55
3,133,56
3,133,57
3,133,58
3,133,59
3,133,60
3,133,61
3,133,62
3,133,63
3,133,64
3,133,65
3,133,66
3,133,67
3,133,68
3,133,69
3,133,70
3,133,71
3,133,72
3,133,73
3,133,74
3,133,75
3,133,76
3,133,77
3,133,78
3,133,79
3,133,80
3,133,81
3,133,82
3,133,83
3,133,84
3,133,85
3,133,86
3,133,87
3,133,88
3,133,89
3,133,90
3,133,91
3,133,92
3,133,93
3,133,94
3,133,95
3,133,96
3,133,97
3,133,98
3,133,99
3,134,34
3,134,35
3,134,36
3,134,37
3,134,38
3,134,39
3,134,40
3,134,41
3,134,42
3,134,43
3,134,44
3,134,45
3,134,46
3,134,47
3,134,48
3,134,49
3,134,50
3,134,51
3,134,52
3,134,53
3,134,54
3,134,55
3,134,56
3,134,57
3,134,58
3,134,59
3,134,60
3,134,61
3,134,62
3,134,63
3,134,64
3,134,65
3,134,66
3,134,67
3,134,68
3,134,69
3,134,70
3,134,71
3,134,72
3,134,73
3,134,74
3,134,75
3,134,76
3,134,77
3,134,78
3,134,79
3,134,80
3,134,81
3,134,82
3,134,83
3,134,84
3,134,85
3,134,86
3,134,87
3,134,88
3,134,89
3,134,90
3,134,91
3,134,92
3,134,93
3,134,94
3,134,95
3,134,96
3,134,97
3,134,98
3,134,99
3,135,34
3,135,35
3,135,36
3,135,37
3,135,38
3,135,39
3,135,40
3,135,41
3,135,42
3,135,43
3,135,44
3,135,45
3,135,46
3,135,47
3,135,48
3,135,49
3,135,50
3,135,51
3,135,52
3,135,53
3,135,54
3,135,55
3,135,56
3,135,57
3,135,58
3,135,59
3,135,60
3,135,61
3,135,62
3,135,63
3,135,64
3,135,65
3,135,66
3,135,67
3,135,68
3,135,69
3,135,70
3,135,71
3,135,72
3,135,73
3,135,74
3,135,75
3,135,76
3,135,77
3,135,78
3,135,79
3,135,80
3,135,81
3,135,82
3,135,83
3,135,84
3,135,85
3,135,86
3,135,87
3,135,88
3,135,89
3,135,90
3,135,91
3,135,92
3,135,93
3,135,94
3,135,95
3,135,96
3,135,97
3,135,98
3,135,99
3,136,34
3,136,35
3,136,36
3,136,37
3,136,38
3,136,39
3,136,40
3,136,41
3,136,42
3,136,43
3,136,44
3,136,45
3,136,46
3,136,47
3,136,48
3,136,49
3,136,50
3,136,51
3,136,52
3,136,53
3,136,54
3,136,55
3,136,56
3,136,57
3,136,58
3,136,59
3,136,60
3,136,61
3,136,62
3,136,63
3,136,64
3,136,65
3,136,66
3,136,67
3,136,68
3,136,69
3,136,70
3,136,71
3,136,72
3,136,73
3,136,74
3,136,75
3,136,76
3,136,77
3,136,78
3,136,79
3,136,80
3,136,81
3,136,82
3,136,83
3,136,84
3,136,85
3,136,86
3,136,87
3,136,88
3,136,89
3,136,90
3,136,91
3,136,92
3,136,93
3,136,94
3,136,95
3,136,96
3,136,97
3,136,98
3,136,99
3,137,34
3,137,35
3,137,36
3,137,37
3,137,38
3,137,39
3,137,40
3,137,41
3,137,42
3,137,43
3,137,44
3,137,45
3,137,46
3,137,47
3,137,48
3,137,49
3,137,50
3,137,51
3,137,52
3,137,53
3,137,54
3,137,55
3,137,56
3,137,57
3,137,58
3,137,59
3,137,60
3,137,61
3,137,62
3,137,63
3,137,64
3,137,65
3,137,66
3,137,67
3,137,68
3,137,69
3,137,70
3,137,71
3,137,72
3,137,73
3,137,74
3,137,75
3,137,76
3,137,77
3,137,78
3,137,79
3,137,80
3,137,81
3,137,82
3,137,83
3,137,84
3,137,85
3,137,86
3,137,87
3,137,88
3,137,89
3,137,90
3,137,91
3,137,92
3,137,93
3,137,94
3,137,95
3,137,96
3,137,97
3,137,98
3,137,99
3,138,34
3,138,35
3,138,36
3,138,37
3,138,38
3,138,39
3,138,40
3,138,41
3,138,42
3,138,43
3,138,44
3,138,45
3,138,46
3,138,47
3,138,48
3,138,49
3,138,50
3,138,51
3,138,52
3,138,53
3,138,54
3,138,55
3,138,56
3,138,57
3,138,58
3,138,59
3,138,60
3,138,61
3,138,62
3,138,63
3,138,64
3,138,65
3,138,66
3,138,67
3,138,68
3,138,69
3,138,70
3,138,71
3,138,72
3,138,73
3,138,74
3,138,75
3,138,76
3,138,77
3,138,78
3,138,79
3,138,80
3,138,81
3,138,82
3,138,83
3,138,84
3,138,85
3,138,86
3,138,87
3,138,88
3,138,89
3,138,90
3,138,91
3,138,92
3,138,93
3,138,94
3,138,95
3,138,96
3,138,97
3,138,98
3,138,99
3,139,34
3,139,35
3,139,36
3,139,37
3,139,38
3,139,39
3,139,40
3,139,41
3,139,42
3,139,43
3,139,44
3,139,45
3,139,46
3,139,47
3,139,48
3,139,49
3,139,50
3,139,51
3,139,52
3,139,53
3,139,54
3,139,55
3,139,56
3,139,57
3,139,58
3,139,59
3,139,60
3,139,61
3,139,62
3,139,63
3,139,64
3,139,65
3,139,66
3,139,67
3,139,68
3,139,69
3,139,70
3,139,71
3,139,72
3,139,73
3,139,74
3,139,75
3,139,76
3,139,77
3,139,78
3,139,79
3,139,80
3,139,81
3,139,82
3,139,83
3,139,84
3,139,85
3,139,86
3,139,87
3,139,88
3,139,89
3,139,90
3,139,91
3,139,92
3,139,93
3,139,94
3,139,95
3,139,96
3,139,97
3,139,98
3,139,99
3,140,34
3,140,35
3,140,36
3,140,37
3,140,38
3,140,39
3,140,40
3,140,41
3,140,42
3,140,43
3,140,44
3,140,45
3,140,46
3,140,47
3,140,48
3,140,49
3,140,50
3,140,51
3,140,52
3,140,53
3,140,54
3,140,55
3,140,56
3,140,57
3,140,58
3,140,59
3,140,60
3,140,61
3,140,62
3,140,63
3,140,64
3,140,65
3,140,66
3,140,67
3,140,68
3,140,69
3,140,70
3,140,71
3,140,72
3,140,73
3,140,74
3,140,75
3,140,76
3,140,77
3,140,78
3,140,79
3,140,80
3,140,81
3,140,82
3,140,83
3,140,84
3,140,85
3,140,86
3,140,87
3,140,88
3,140,89
3,140,90
3,140,91
3,140,92
3,140,93
3,140,94
3,140,95
3,140,96
3,140,97
3,140,98
3,140,99
3,141,34
3,141,35
3,141,36
3,141,37
3,141,38
3,141,39
3,141,40
3,141,41
3,141,42
3,141,43
3,141,44
3,141,45
3,141,46
3,141,47
3,141,48
3,141,49
3,141,50
3,141,51
3,141,52
3,141,53
3,141,54
3,141,55
3,141,56
3,141,57
3,141,58
3,141,59
3,141,60
3,141,61
3,141,62
3,141,63
3,141,64
3,141,65
3,141,66
3,141,67
3,141,68
3,141,69
3,141,70
3,141,71
3,141,72
3,141,73
3,141,74
3,141,75
3,141,76
3,141,77
3,141,78
3,141,79
3,141,80
3,141,81
3,141,82
3,141,83
3,141,84
3,141,85
3,141,86
3,141,87
3,141,88
3,141,89
3,141,90
3,141,91
3,141,92
3,141,93
3,141,94
3,141,95
3,141,96
3,141,97
3,141,98
3,141,99
3,142,34
3,142,35
3,142,36
3,142,37
3,142,38
3,142,39
3,142,40
3,142,41
3,142,42
3,142,43
3,142,44
3,142,45
3,142,46
3,142,47
3,142,48
3,142,49
3,142,50
3,142,51
3,142,52
3,142,53
3,142,54
3,142,55
3,142,56
3,142,57
3,142,58
3,142,59
3,142,60
3,142,61
3,142,62
3,142,63
3,142,64
3,142,65
3,142,66
3,142,67
3,142,68
3,142,69
3,142,70
3,142,71
3,142,72
3,142,73
3,142,74
3,142,75
3,142,76
3,142,77
3,142,78
3,142,79
3,142,80
3,142,81
3,142,82
3,142,83
3,142,84
3,142,85
3,142,86
3,142,87
3,142,88
3,142,89
3,142,90
3,142,91
3,142,92
3,142,93
3,142,94
3,142,95
3,142,96
3,142,97
3,142,98
3,142,99
3,143,34
3,143,35
3,143,36
3,143,37
3,143,38
3,143,39
3,143,40
3,143,41
3,143,42
3,143,43
3,143,44
3,143,45
3,143,46
3,143,47
3,143,48
3,143,49
3,143,50
3,143,51
3,143,52
3,143,53
3,143,54
3,143,55
3,143,56
3,143,57
3,143,58
3,143,59
3,143,60
3,143,61
3,143,62
3,143,63
3,143,64
3,143,65
3,143,66
3,143,67
3,143,68
3,143,69
3,143,70
3,143,71
3,143,72
3,143,73
3,143,74
3,143,75
3,143,76
3,143,77
3,143,78
3,143,79
3,143,80
3,143,81
3,143,82
3,143,83
3,143,84
3,143,85
3,143,86
3,143,87
3,143,88
3,143,89
3,143,90
3,143,91
3,143,92
3,143,93
3,143,94
3,143,95
3,143,96
3,143,97
3,143,98
3,143,99
3,144,34
3,144,35
3,144,36
3,144,37
3,144,38
3,144,39
3,144,40
3,144,41
3,144,42
3,144,43
3,144,44
3,144,45
3,144,46
3,144,47
3,144,48
3,144,49
3,144,50
3,144,51
3,144,52
3,144,53
3,144,54
3,144,55
3,144,56
3,144,57
3,144,58
3,144,59
3,144,60
3,144,61
3,144,62
3,144,63
3,144,64
3,144,65
3,144,66
3,144,67
3,144,68
3,144,69
3,144,70
3,144,71
3,144,72
3,144,73
3,144,74
3,144,75
3,144,76
3,144,77
3,144,78
3,144,79
3,144,80
3,144,81
3,144,82
3,144,83
3,144,84
3,144,85
3,144,86
3,144,87
3,144,88
3,144,89
3,144,90
3,144,91
3,144,92
3,144,93
3,144,94
3,144,95
3,144,96
3,144,97
3,144,98
3,144,99
3,145,34
3,145,35
3,145,36
3,145,37
3,145,38
3,145,39
3,145,40
3,145,41
3,145,42
3,145,43
3,145,44
3,145,45
3,145,46
3,145,47
3,145,48
3,145,49
3,145,50
3,145,51
3,145,52
3,145,53
3,145,54
3,145,55
3,145,56
3,145,57
3,145,58
3,145,59
3,145,60
3,145,61
3,145,62
3,145,63
3,145,64
3,145,65
3,145,66
3,145,67
3,145,68
3,145,69
3,145,70
3,145,71
3,145,72
3,145,73
3,145,74
3,145,75
3,145,76
3,145,77
3,145,78
3,145,79
3,145,80
3,145,81
3,145,82
3,145,83
3,145,84
3,145,85
3,145,86
3,145,87
3,145,88
3,145,89
3,145,90
3,145,91
3,145,92
3,145,93
3,145,94
3,145,95
3,145,96
3,145,97
3,145,98
3,145,99
3,146,34
3,146,35
3,146,36
3,146,37
3,146,38
3,146,39
3,146,40
3,146,41
3,146,42
3,146,43
3,146,44
3,146,45
3,146,46
3,146,47
3,146,48
3,146,49
3,146,50
3,146,51
3,146,52
3,146,53
3,146,54
3,146,55
3,146,56
3,146,57
3,146,58
3,146,59
3,146,60
3,146,61
3,146,62
3,146,63
3,146,64
3,146,65
3,146,66
3,146,67
3,146,68
3,146,69
3,146,70
3,146,71
3,146,72
3,146,73
3,146,74
3,146,75
3,146,76
3,146,77
3,146,78
3,146,79
3,146,80
3,146,81
3,146,82
3,146,83
3,146,84
3,146,85
3,146,86
3,146,87
3,146,88
3,146,89
3,146,90
3,146,91
3,146,92
3,146,93
3,146,94
3,146,95
3,146,96
3,146,97
3,146,98
3,146,99
3,147,34
3,147,35
3,147,36
3,147,37
3,147,38
3,147,39
3,147,40
3,147,41
3,147,42
3,147,43
3,147,44
3,147,45
3,147,46
3,147,47
3,147,48
3,147,49
3,147,50
3,147,51
3,147,52
3,147,53
3,147,54
3,147,55
3,147,56
3,147,57
3,147,58
3,147,59
3,147,60
3,147,61
3,147,62
3,147,63
3,147,64
3,147,65
3,147,66
3,147,67
3,147,68
3,147,69
3,147,70
3,147,71
3,147,72
3,147,73
3,147,74
3,147,75
3,147,76
3,147,77
3,147,78
3,147,79
3,147,80
3,147,81
3,147,82
3,147,83
3,147,84
3,147,85
3,147,86
3,147,87
3,147,88
3,147,89
3,147,90
3,147,91
3,147,92
3,147,93
3,147,94
3,147,95
3,147,96
3,147,97
3,147,98
3,147,99
3,148,34
3,148,35
3,148,36
3,148,37
3,148,38
3,148,39
3,148,40
3,148,41
3,148,42
3,148,43
3,148,44
3,148,45
3,148,46
3,148,47
3,148,48
3,148,49
3,148,50
3,148,51
3,148,52
3,148,53
3,148,54
3,148,55
3,148,56
3,148,57
3,148,58
3,148,59
3,148,60
3,148,61
3,148,62
3,148,63
3,148,64
3,148,65
3,148,66
3,148,67
3,148,68
3,148,69
3,148,70
3,148,71
3,148,72
3,148,73
3,148,74
3,148,75
3,148,76
3,148,77
3,148,78
3,148,79
3,148,80
3,148,81
3,148,82
3,148,83
3,148,84
3,148,85
3,148,86
3,148,87
3,148,88
3,148,89
3,148,90
3,148,91
3,148,92
3,148,93
3,148,94
3,148,95
3,148,96
3,148,97
3,148,98
3,148,99
3,149,34
3,149,35
3,149,36
3,149,37
3,149,38
3,149,39
3,149,40
3,149,41
3,149,42
3,149,43
3,149,44
3,149,45
3,149,46
3,149,47
3,149,48
3,149,49
3,149,50
3,149,51
3,149,52
3,149,53
3,149,54
3,149,55
3,149,56
3,149,57
3,149,58
3,149,59
3,149,60
3,149,61
3,149,62
3,149,63
3,149,64
3,149,65
3,149,66
3,149,67
3,149,68
3,149,69
3,149,70
3,149,71
3,149,72
3,149,73
3,149,74
3,149,75
3,149,76
3,149,77
3,149,78
3,149,79
3,149,80
3,149,81
3,149,82
3,149,83
3,149,84
3,149,85
3,149,86
3,149,87
3,149,88
3,149,89
3,149,90
3,149,91
3,149,92
3,149,93
3,149,94
3,149,95
3,149,96
3,149,97
3,149,98
3,149,99
3,150,34
3,150,35
3,150,36
3,150,37
3,150,38
3,150,39
3,150,40
3,150,41
3,150,42
3,150,43
3,150,44
3,150,45
3,150,46
3,150,47
3,150,48
3,150,49
3,150,50
3,150,51
3,150,52
3,150,53
3,150,54
3,150,55
3,150,56
3,150,57
3,150,58
3,150,59
3,150,60
3,150,61
3,150,62
3,150,63
3,150,64
3,150,65
3,150,66
3,150,67
3,150,68
3,150,69
3,150,70
3,150,71
3,150,72
3,150,73
3,150,74
3,150,75
3,150,76
3,150,77
3,150,78
3,150,79
3,150,80
3,150,81
3,150,82
3,150,83
3,150,84
3,150,85
3,150,86
3,150,87
3,150,88
3,150,89
3,150,90
3,150,91
3,150,92
3,150,93
3,150,94
3,150,95
3,150,96
3,150,97
3,150,98
3,150,99
3,151,34
3,151,35
3,151,36
3,151,37
3,151,38
3,151,39
3,151,40
3,151,41
3,151,42
3,151,43
3,151,44
3,151,45
3,151,46
3,151,47
3,151,48
3,151,49
3,151,50
3,151,51
3,151,52
3,151,53
3,151,54
3,151,55
3,151,56
3,151,57
3,151,58
3,151,59
3,151,60
3,151,61
3,151,62
3,151,63
3,151,64
3,151,65
3,151,66
3,151,67
3,151,68
3,151,69
3,151,70
3,151,71
3,151,72
3,151,73
3,151,74
3,151,75
3,151,76
3,151,77
3,151,78
3,151,79
3,151,80
3,151,81
3,151,82
3,151,83
3,151,84
3,151,85
3,151,86
3,151,87
3,151,88
3,151,89
3,151,90
3,151,91
3,151,92
3,151,93
3,151,94
3,151,95
3,151,96
3,151,97
3,151,98
3,151,99
3,152,34
3,152,35
3,152,36
3,152,37
3,152,38
3,152,39
3,152,40
3,152,41
3,152,42
3,152,43
3,152,44
3,152,45
3,152,46
3,152,47
3,152,48
3,152,49
3,152,50
3,152,51
3,152,52
3,152,53
3,152,54
3,152,55
3,152,56
3,152,57
3,152,58
3,152,59
3,152,60
3,152,61
3,152,62
3,152,63
3,152,64
3,152,65
3,152,66
3,152,67
3,152,68
3,152,69
3,152,70
3,152,71
3,152,72
3,152,73
3,152,74
3,152,75
3,152,76
3,152,77
3,152,78
3,152,79
3,152,80
3,152,81
3,152,82
3,152,83
3,152,84
3,152,85
3,152,86
3,152,87
3,152,88
3,152,89
3,152,90
3,152,91
3,152,92
3,152,93
3,152,94
3,152,95
3,152,96
3,152,97
3,152,98
3,152,99
3,153,34
3,153,35
3,153,36
3,153,37
3,153,38
3,153,39
3,153,40
3,153,41
3,153,42
3,153,43
3,153,44
3,153,45
3,153,46
3,153,47
3,153,48
3,153,49
3,153,50
3,153,51
3,153,52
3,153,53
3,153,54
3,153,55
3,153,56
3,153,57
3,153,58
3,153,59
3,153,60
3,153,61
3,153,62
3,153,63
3,153,64
3,153,65
3,153,66
3,153,67
3,153,68
3,153,69
3,153,70
3,153,71
3,153,72
3,153,73
3,153,74
3,153,75
3,153,76
3,153,77
3,153,78
3,153,79
3,153,80
3,153,81
3,153,82
3,153,83
3,153,84
3,153,85
3,153,86
3,153,87
3,153,88
3,153,89
3,153,90
3,153,91
3,153,92
3,153,93
3,153,94
3,153,95
3,153,96
3,153,97
3,153,98
3,153,99
3,154,34
3,154,35
3,154,36
3,154,37
3,154,38
3,154,39
3,154,40
3,154,41
3,154,42
3,154,43
3,154,44
3,154,45
3,154,46
3,154,47
3,154,48
3,154,49
3,154,50
3,154,51
3,154,52
3,154,53
3,154,54
3,154,55
3,154,56
3,154,57
3,154,58
3,154,59
3,154,60
3,154,61
3,154,62
3,154,63
3,154,64
3,154,65
3,154,66
3,154,67
3,154,68
3,154,69
3,154,70
3,154,71
3,154,72
3,154,73
3,154,74
3,154,75
3,154,76
3,154,77
3,154,78
3,154,79
3,154,80
3,154,81
3,154,82
3,154,83
3,154,84
3,154,85
3,154,86
3,154,87
3,154,88
3,154,89
3,154,90
3,154,91
3,154,92
3,154,93
3,154,94
3,154,95
3,154,96
3,154,97
3,154,98
3,154,99
3,155,34
3,155,35
3,155,36
3,155,37
3,155,38
3,155,39
3,155,40
3,155,41
3,155,42
3,155,43
3,155,44
3,155,45
3,155,46
3,155,47
3,155,48
3,155,49
3,155,50
3,155,51
3,155,52
3,155,53
3,155,54
3,155,55
3,155,56
3,155,57
3,155,58
3,155,59
3,155,60
3,155,61
3,155,62
3,155,63
3,155,64
3,155,65
3,155,66
3,155,67
3,155,68
3,155,69
3,155,70
3,155,71
3,155,72
3,155,73
3,155,74
3,155,75
3,155,76
3,155,77
3,155,78
3,155,79
3,155,80
3,155,81
3,155,82
3,155,83
3,155,84
3,155,85
3,155,86
3,155,87
3,155,88
3,155,89
3,155,90
3,155,91
3,155,92
3,155,93
3,155,94
3,155,95
3,155,96
3,155,97
3,155,98
3,155,99
3,156,34
3,156,35
3,156,36
3,156,37
3,156,38
3,156,39
3,156,40
3,156,41
3,156,42
3,156,43
3,156,44
3,156,45
3,156,46
3,156,47
3,156,48
3,156,49
3,156,50
3,156,51
3,156,52
3,156,53
3,156,54
3,156,55
3,156,56
3,156,57
3,156,58
3,156,59
3,156,60
3,156,61
3,156,62
3,156,63
3,156,64
3,156,65
3,156,66
3,156,67
3,156,68
3,156,69
3,156,70
3,156,71
3,156,72
3,156,73
3,156,74
3,156,75
3,156,76
3,156,77
3,156,78
3,156,79
3,156,80
3,156,81
3,156,82
3,156,83
3,156,84
3,156,85
3,156,86
3,156,87
3,156,88
3,156,89
3,156,90
3,156,91
3,156,92
3,156,93
3,156,94
3,156,95
3,156,96
3,156,97
3,156,98
3,156,99
3,157,34
3,157,35
3,157,36
3,157,37
3,157,38
3,157,39
3,157,40
3,157,41
3,157,42
3,157,43
3,157,44
3,157,45
3,157,46
3,157,47
3,157,48
3,157,49
3,157,50
3,157,51
3,157,52
3,157,53
3,157,54
3,157,55
3,157,56
3,157,57
3,157,58
3,157,59
3,157,60
3,157,61
3,157,62
3,157,63
3,157,64
3,157,65
3,157,66
3,157,67
3,157,68
3,157,69
3,157,70
3,157,71
3,157,72
3,157,73
3,157,74
3,157,75
3,157,76
3,157,77
3,157,78
3,157,79
3,157,80
3,157,81
3,157,82
3,157,83
3,157,84
3,157,85
3,157,86
3,157,87
3,157,88
3,157,89
3,157,90
3,157,91
3,157,92
3,157,93
3,157,94
3,157,95
3,157,96
3,157,97
3,157,98
3,157,99
3,158,34
3,158,35
3,158,36
3,158,37
3,158,38
3,158,39
3,158,40
3,158,41
3,158,42
3,158,43
3,158,44
3,158,45
3,158,46
3,158,47
3,158,48
3,158,49
3,158,50
3,158,51
3,158,52
3,158,53
3,158,54
3,158,55
3,158,56
3,158,57
3,158,58
3,158,59
3,158,60
3,158,61
3,158,62
3,158,63
3,158,64
3,158,65
3,158,66
3,158,67
3,158,68
3,158,69
3,158,70
3,158,71
3,158,72
3,158,73
3,158,74
3,158,75
3,158,76
3,158,77
3,158,78
3,158,79
3,158,80
3,158,81
3,158,82
3,158,83
3,158,84
3,158,85
3,158,86
3,158,87
3,158,88
3,158,89
3,158,90
3,158,91
3,158,92
3,158,93
3,158,94
3,158,95
3,158,96
3,158,97
3,158,98
3,158,99
3,159,34
3,159,35
3,159,36
3,159,37
3,159,38
3,159,39
3,159,40
3,159,41
3,159,42
3,159,43
3,159,44
3,159,45
3,159,46
3,159,47
3,159,48
3,159,49
3,159,50
3,159,51
3,159,52
3,159,53
3,159,54
3,159,55
3,159,56
3,159,57
3,159,58
3,159,59
3,159,60
3,159,61
3,159,62
3,159,63
3,159,64
3,159,65
3,159,66
3,159,67
3,159,68
3,159,69
3,159,70
3,159,71
3,159,72
3,159,73
3,159,74
3,159,75
3,159,76
3,159,77
3,159,78
3,159,79
3,159,80
3,159,81
3,159,82
3,159,83
3,159,84
3,159,85
3,159,86
3,159,87
3,159,88
3,159,89
3,159,90
3,159,91
3,159,92
3,159,93
3,159,94
3,159,95
3,159,96
3,159,97
3,159,98
3,159,99
3,160,34
3,160,35
3,160,36
3,160,37
3,160,38
3,160,39
3,160,40
3,160,41
3,160,42
3,160,43
3,160,44
3,160,45
3,160,46
3,160,47
3,160,48
3,160,49
3,160,50
3,160,51
3,160,52
3,160,53
3,160,54
3,160,55
3,160,56
3,160,57
3,160,58
3,160,59
3,160,60
3,160,61
3,160,62
3,160,63
3,160,64
3,160,65
3,160,66
3,160,67
3,160,68
3,160,69
3,160,70
3,160,71
3,160,72
3,160,73
3,160,74
3,160,75
3,160,76
3,160,77
3,160,78
3,160,79
3,160,80
3,160,81
3,160,82
3,160,83
3,160,84
3,160,85
3,160,86
3,160,87
3,160,88
3,160,89
3,160,90
3,160,91
3,160,92
3,160,93
3,160,94
3,160,95
3,160,96
3,160,97
3,160,98
3,160,99
3,161,34
3,161,35
3,161,36
3,161,37
3,161,38
3,161,39
3,161,40
3,161,41
3,161,42
3,161,43
3,161,44
3,161,45
3,161,46
3,161,47
3,161,48
3,161,49
3,161,50
3,161,51
3,161,52
3,161,53
3,161,54
3,161,55
3,161,56
3,161,57
3,161,58
3,161,59
3,161,60
3,161,61
3,161,62
3,161,63
3,161,64
3,161,65
3,161,66
3,161,67
3,161,68
3,161,69
3,161,70
3,161,71
3,161,72
3,161,73
3,161,74
3,161,75
3,161,76
3,161,77
3,161,78
3,161,79
3,161,80
3,161,81
3,161,82
3,161,83
3,161,84
3,161,85
3,161,86
3,161,87
3,161,88
3,161,89
3,161,90
3,161,91
3,161,92
3,161,93
3,161,94
3,161,95
3,161,96
3,161,97
3,161,98
3,161,99
3,162,34
3,162,35
3,162,36
3,162,37
3,162,38
3,162,39
3,162,40
3,162,41
3,162,42
3,162,43
3,162,44
3,162,45
3,162,46
3,162,47
3,162,48
3,162,49
3,162,50
3,162,51
3,162,52
3,162,53
3,162,54
3,162,55
3,162,56
3,162,57
3,162,58
3,162,59
3,162,60
3,162,61
3,162,62
3,162,63
3,162,64
3,162,65
3,162,66
3,162,67
3,162,68
3,162,69
3,162,70
3,162,71
3,162,72
3,162,73
3,162,74
3,162,75
3,162,76
3,162,77
3,162,78
3,162,79
3,162,80
3,162,81
3,162,82
3,162,83
3,162,84
3,162,85
3,162,86
3,162,87
3,162,88
3,162,89
3,162,90
3,162,91
3,162,92
3,162,93
3,162,94
3,162,95
3,162,96
3,162,97
3,162,98
3,162,99
3,163,34
3,163,35
3,163,36
3,163,37
3,163,38
3,163,39
3,163,40
3,163,41
3,163,42
3,163,43
3,163,44
3,163,45
3,163,46
3,163,47
3,163,48
3,163,49
3,163,50
3,163,51
3,163,52
3,163,53
3,163,54
3,163,55
3,163,56
3,163,57
3,163,58
3,163,59
3,163,60
3,163,61
3,163,62
3,163,63
3,163,64
3,163,65
3,163,66
3,163,67
3,163,68
3,163,69
3,163,70
3,163,71
3,163,72
3,163,73
3,163,74
3,163,75
3,163,76
3,163,77
3,163,78
3,163,79
3,163,80
3,163,81
3,163,82
3,163,83
3,163,84
3,163,85
3,163,86
3,163,87
3,163,88
3,163,89
3,163,90
3,163,91
3,163,92
3,163,93
3,163,94
3,163,95
3,163,96
3,163,97
3,163,98
3,163,99
3,164,34
3,164,35
3,164,36
3,164,37
3,164,38
3,164,39
3,164,40
3,164,41
3,164,42
3,164,43
3,164,44
3,164,45
3,164,46
3,164,47
3,164,48
3,164,49
3,164,50
3,164,51
3,164,52
3,164,53
3,164,54
3,164,55
3,164,56
3,164,57
3,164,58
3,164,59
3,164,60
3,164,61
3,164,62
3,164,63
3,164,64
3,164,65
3,164,66
3,164,67
3,164,68
3,164,69
3,164,70
3,164,71
3,164,72
3,164,73
3,164,74
3,164,75
3,164,76
3,164,77
3,164,78
3,164,79
3,164,80
3,164,81
3,164,82
3,164,83
3,164,84
3,164,85
3,164,86
3,164,87
3,164,88
3,164,89
3,164,90
3,164,91
3,164,92
3,164,93
3,164,94
3,164,95
3,164,96
3,164,97
3,164,98
3,164,99
3,165,34
3,165,35
3,165,36
3,165,37
3,165,38
3,165,39
3,165,40
3,165,41
3,165,42
3,165,43
3,165,44
3,165,45
3,165,46
3,165,47
3,165,48
3,165,49
3,165,50
3,165,51
3,165,52
3,165,53
3,165,54
3,165,55
3,165,56
3,165,57
3,165,58
3,165,59
3,165,60
3,165,61
3,165,62
3,165,63
3,165,64
3,165,65
3,165,66
3,165,67
3,165,68
3,165,69
3,165,70
3,165,71
3,165,72
3,165,73
3,165,74
3,165,75
3,165,76
3,165,77
3,165,78
3,165,79
3,165,80
3,165,81
3,165,82
3,165,83
3,165,84
3,165,85
3,165,86
3,165,87
3,165,88
3,165,89
3,165,90
3,165,91
3,165,92
3,165,93
3,165,94
3,165,95
3,165,96
3,165,97
3,165,98
3,165,99
3,166,34
3,166,35
3,166,36
3,166,37
3,166,38
3,166,39
3,166,40
3,166,41
3,166,42
3,166,43
3,166,44
3,166,45
3,166,46
3,166,47
3,166,48
3,166,49
3,166,50
3,166,51
3,166,52
3,166,53
3,166,54
3,166,55
3,166,56
3,166,57
3,166,58
3,166,59
3,166,60
3,166,61
3,166,62
3,166,63
3,166,64
3,166,65
3,166,66
3,166,67
3,166,68
3,166,69
3,166,70
3,166,71
3,166,72
3,166,73
3,166,74
3,166,75
3,166,76
3,166,77
3,166,78
3,166,79
3,166,80
3,166,81
3,166,82
3,166,83
3,166,84
3,166,85
3,166,86
3,166,87
3,166,88
3,166,89
3,166,90
3,166,91
3,166,92
3,166,93
3,166,94
3,166,95
3,166,96
3,166,97
3,166,98
3,166,99
3,167,34
3,167,35
3,167,36
3,167,37
3,167,38
3,167,39
3,167,40
3,167,41
3,167,42
3,167,43
3,167,44
3,167,45
3,167,46
3,167,47
3,167,48
3,167,49
3,167,50
3,167,51
3,167,52
3,167,53
3,167,54
3,167,55
3,167,56
3,167,57
3,167,58
3,167,59
3,167,60
3,167,61
3,167,62
3,167,63
3,167,64
3,167,65
3,167,66
3,167,67
3,167,68
3,167,69
3,167,70
3,167,71
3,167,72
3,167,73
3,167,74
3,167,75
3,167,76
3,167,77
3,167,78
3,167,79
3,167,80
3,167,81
3,167,82
3,167,83
3,167,84
3,167,85
3,167,86
3,167,87
3,167,88
3,167,89
3,167,90
3,167,91
3,167,92
3,167,93
3,167,94
3,167,95
3,167,96
3,167,97
3,167,98
3,167,99
3,168,34
3,168,35
3,168,36
3,168,37
3,168,38
3,168,39
3,168,40
3,168,41
3,168,42
3,168,43
3,168,44
3,168,45
3,168,46
3,168,47
3,168,48
3,168,49
3,168,50
3,168,51
3,168,52
3,168,53
3,168,54
3,168,55
3,168,56
3,168,57
3,168,58
3,168,59
3,168,60
3,168,61
3,168,62
3,168,63
3,168,64
3,168,65
3,168,66
3,168,67
3,168,68
3,168,69
3,168,70
3,168,71
3,168,72
3,168,73
3,168,74
3,168,75
3,168,76
3,168,77
3,168,78
3,168,79
3,168,80
3,168,81
3,168,82
3,168,83
3,168,84
3,168,85
3,168,86
3,168,87
3,168,88
3,168,89
3,168,90
3,168,91
3,168,92
3,168,93
3,168,94
3,168,95
3,168,96
3,168,97
3,168,98
3,168,99
3,169,34
3,169,35
3,169,36
3,169,37
3,169,38
3,169,39
3,169,40
3,169,41
3,169,42
3,169,43
3,169,44
3,169,45
3,169,46
3,169,47
3,169,48
3,169,49
3,169,50
3,169,51
3,169,52
3,169,53
3,169,54
3,169,55
3,169,56
3,169,57
3,169,58
3,169,59
3,169,60
3,169,61
3,169,62
3,169,63
3,169,64
3,169,65
3,169,66
3,169,67
3,169,68
3,169,69
3,169,70
3,169,71
3,169,72
3,169,73
3,169,74
3,169,75
3,169,76
3,169,77
3,169,78
3,169,79
3,169,80
3,169,81
3,169,82
3,169,83
3,169,84
3,169,85
3,169,86
3,169,87
3,169,88
3,169,89
3,169,90
3,169,91
3,169,92
3,169,93
3,169,94
3,169,95
3,169,96
3,169,97
3,169,98
3,169,99
3,170,34
3,170,35
3,170,36
3,170,37
3,170,38
3,170,39
3,170,40
3,170,41
3,170,42
3,170,43
3,170,44
3,170,45
3,170,46
3,170,47
3,170,48
3,170,49
3,170,50
3,170,51
3,170,52
3,170,53
3,170,54
3,170,55
3,170,56
3,170,57
3,170,58
3,170,59
3,170,60
3,170,61
3,170,62
3,170,63
3,170,64
3,170,65
3,170,66
3,170,67
3,170,68
3,170,69
3,170,70
3,170,71
3,170,72
3,170,73
3,170,74
3,170,75
3,170,76
3,170,77
3,170,78
3,170,79
3,170,80
3,170,81
3,170,82
3,170,83
3,170,84
3,170,85
3,170,86
3,170,87
3,170,88
3,170,89
3,170,90
3,170,91
3,170,92
3,170,93
3,170,94
3,170,95
3,170,96
3,170,97
3,170,98
3,170,99
3,171,34
3,171,35
3,171,36
3,171,37
3,171,38
3,171,39
3,171,40
3,171,41
3,171,42
3,171,43
3,171,44
3,171,45
3,171,46
3,171,47
3,171,48
3,171,49
3,171,50
3,171,51
3,171,52
3,171,53
3,171,54
3,171,55
3,171,56
3,171,57
3,171,58
3,171,59
3,171,60
3,171,61
3,171,62
3,171,63
3,171,64
3,171,65
3,171,66
3,171,67
3,171,68
3,171,69
3,171,70
3,171,71
3,171,72
3,171,73
3,171,74
3,171,75
3,171,76
3,171,77
3,171,78
3,171,79
3,171,80
3,171,81
3,171,82
3,171,83
3,171,84
3,171,85
3,171,86
3,171,87
3,171,88
3,171,89
3,171,90
3,171,91
3,171,92
3,171,93
3,171,94
3,171,95
3,171,96
3,171,97
3,171,98
3,171,99
3,172,34
3,172,35
3,172,36
3,172,37
3,172,38
3,172,39
3,172,40
3,172,41
3,172,42
3,172,43
3,172,44
3,172,45
3,172,46
3,172,47
3,172,48
3,172,49
3,172,50
3,172,51
3,172,52
3,172,53
3,172,54
3,172,55
3,172,56
3,172,57
3,172,58
3,172,59
3,172,60
3,172,61
3,172,62
3,172,63
3,172,64
3,172,65
3,172,66
3,172,67
3,172,68
3,172,69
3,172,70
3,172,71
3,172,72
3,172,73
3,172,74
3,172,75
3,172,76
3,172,77
3,172,78
3,172,79
3,172,80
3,172,81
3,172,82
3,172,83
3,172,84
3,172,85
3,172,86
3,172,87
3,172,88
3,172,89
3,172,90
3,172,91
3,172,92
3,172,93
3,172,94
3,172,95
3,172,96
3,172,97
3,172,98
3,172,99
3,173,34
3,173,35
3,173,36
3,173,37
3,173,38
3,173,39
3,173,40
3,173,41
3,173,42
3,173,43
3,173,44
3,173,45
3,173,46
3,173,47
3,173,48
3,173,49
3,173,50
3,173,51
3,173,52
3,173,53
3,173,54
3,173,55
3,173,56
3,173,57
3,173,58
3,173,59
3,173,60
3,173,61
3,173,62
3,173,63
3,173,64
3,173,65
3,173,66
3,173,67
3,173,68
3,173,69
3,173,70
3,173,71
3,173,72
3,173,73
3,173,74
3,173,75
3,173,76
3,173,77
3,173,78
3,173,79
3,173,80
3,173,81
3,173,82
3,173,83
3,173,84
3,173,85
3,173,86
3,173,87
3,173,88
3,173,89
3,173,90
3,173,91
3,173,92
3,173,93
3,173,94
3,173,95
3,173,96
3,173,97
3,173,98
3,173,99
3,174,34
3,174,35
3,174,36
3,174,37
3,174,38
3,174,39
3,174,40
3,174,41
3,174,42
3,174,43
3,174,44
3,174,45
3,174,46
3,174,47
3,174,48
3,174,49
3,174,50
3,174,51
3,174,52
3,174,53
3,174,54
3,174,55
3,174,56
3,174,57
3,174,58
3,174,59
3,174,60
3,174,61
3,174,62
3,174,63
3,174,64
3,174,65
3,174,66
3,174,67
3,174,68
3,174,69
3,174,70
3,174,71
3,174,72
3,174,73
3,174,74
3,174,75
3,174,76
3,174,77
3,174,78
3,174,79
3,174,80
3,174,81
3,174,82
3,174,83
3,174,84
3,174,85
3,174,86
3,174,87
3,174,88
3,174,89
3,174,90
3,174,91
3,174,92
3,174,93
3,174,94
3,174,95
3,174,96
3,174,97
3,174,98
3,174,99
3,175,34
3,175,35
3,175,36
3,175,37
3,175,38
3,175,39
3,175,40
3,175,41
3,175,42
3,175,43
3,175,44
3,175,45
3,175,46
3,175,47
3,175,48
3,175,49
3,175,50
3,175,51
3,175,52
3,175,53
3,175,54
3,175,55
3,175,56
3,175,57
3,175,58
3,175,59
3,175,60
3,175,61
3,175,62
3,175,63
3,175,64
3,175,65
3,175,66
3,175,67
3,175,68
3,175,69
3,175,70
3,175,71
3,175,72
3,175,73
3,175,74
3,175,75
3,175,76
3,175,77
3,175,78
3,175,79
3,175,80
3,175,81
3,175,82
3,175,83
3,175,84
3,175,85
3,175,86
3,175,87
3,175,88
3,175,89
3,175,90
3,175,91
3,175,92
3,175,93
3,175,94
3,175,95
3,175,96
3,175,97
3,175,98
3,175,99
3,176,34
3,176,35
3,176,36
3,176,37
3,176,38
3,176,39
3,176,40
3,176,41
3,176,42
3,176,43
3,176,44
3,176,45
3,176,46
3,176,47
3,176,48
3,176,49
3,176,50
3,176,51
3,176,52
3,176,53
3,176,54
3,176,55
3,176,56
3,176,57
3,176,58
3,176,59
3,176,60
3,176,61
3,176,62
3,176,63
3,176,64
3,176,65
3,176,66
3,176,67
3,176,68
3,176,69
3,176,70
3,176,71
3,176,72
3,176,73
3,176,74
3,176,75
3,176,76
3,176,77
3,176,78
3,176,79
3,176,80
3,176,81
3,176,82
3,176,83
3,176,84
3,176,85
3,176,86
3,176,87
3,176,88
3,176,89
3,176,90
3,176,91
3,176,92
3,176,93
3,176,94
3,176,95
3,176,96
3,176,97
3,176,98
3,176,99
3,177,34
3,177,35
3,177,36
3,177,37
3,177,38
3,177,39
3,177,40
3,177,41
3,177,42
3,177,43
3,177,44
3,177,45
3,177,46
3,177,47
3,177,48
3,177,49
3,177,50
3,177,51
3,177,52
3,177,53
3,177,54
3,177,55
3,177,56
3,177,57
3,177,58
3,177,59
3,177,60
3,177,61
3,177,62
3,177,63
3,177,64
3,177,65
3,177,66
3,177,67
3,177,68
3,177,69
3,177,70
3,177,71
3,177,72
3,177,73
3,177,74
3,177,75
3,177,76
3,177,77
3,177,78
3,177,79
3,177,80
3,177,81
3,177,82
3,177,83
3,177,84
3,177,85
3,177,86
3,177,87
3,177,88
3,177,89
3,177,90
3,177,91
3,177,92
3,177,93
3,177,94
3,177,95
3,177,96
3,177,97
3,177,98
3,177,99
3,178,34
3,178,35
3,178,36
3,178,37
3,178,38
3,178,39
3,178,40
3,178,41
3,178,42
3,178,43
3,178,44
3,178,45
3,178,46
3,178,47
3,178,48
3,178,49
3,178,50
3,178,51
3,178,52
3,178,53
3,178,54
3,178,55
3,178,56
3,178,57
3,178,58
3,178,59
3,178,60
3,178,61
3,178,62
3,178,63
3,178,64
3,178,65
3,178,66
3,178,67
3,178,68
3,178,69
3,178,70
3,178,71
3,178,72
3,178,73
3,178,74
3,178,75
3,178,76
3,178,77
3,178,78
3,178,79
3,178,80
3,178,81
3,178,82
3,178,83
3,178,84
3,178,85
3,178,86
3,178,87
3,178,88
3,178,89
3,178,90
3,178,91
3,178,92
3,178,93
3,178,94
3,178,95
3,178,96
3,178,97
3,178,98
3,178,99
3,179,34
3,179,35
3,179,36
3,179,37
3,179,38
3,179,39
3,179,40
3,179,41
3,179,42
3,179,43
3,179,44
3,179,45
3,179,46
3,179,47
3,179,48
3,179,49
3,179,50
3,179,51
3,179,52
3,179,53
3,179,54
3,179,55
3,179,56
3,179,57
3,179,58
3,179,59
3,179,60
3,179,61
3,179,62
3,179,63
3,179,64
3,179,65
3,179,66
3,179,67
3,179,68
3,179,69
3,179,70
3,179,71
3,179,72
3,179,73
3,179,74
3,179,75
3,179,76
3,179,77
3,179,78
3,179,79
3,179,80
3,179,81
3,179,82
3,179,83
3,179,84
3,179,85
3,179,86
3,179,87
3,179,88
3,179,89
3,179,90
3,179,91
3,179,92
3,179,93
3,179,94
3,179,95
3,179,96
3,179,97
3,179,98
3,179,99
3,180,34
3,180,35
3,180,36
3,180,37
3,180,38
3,180,39
3,180,40
3,180,41
3,180,42
3,180,43
3,180,44
3,180,45
3,180,46
3,180,47
3,180,48
3,180,49
3,180,50
3,180,51
3,180,52
3,180,53
3,180,54
3,180,55
3,180,56
3,180,57
3,180,58
3,180,59
3,180,60
3,180,61
3,180,62
3,180,63
3,180,64
3,180,65
3,180,66
3,180,67
3,180,68
3,180,69
3,180,70
3,180,71
3,180,72
3,180,73
3,180,74
3,180,75
3,180,76
3,180,77
3,180,78
3,180,79
3,180,80
3,180,81
3,180,82
3,180,83
3,180,84
3,180,85
3,180,86
3,180,87
3,180,88
3,180,89
3,180,90
3,180,91
3,180,92
3,180,93
3,180,94
3,180,95
3,180,96
3,180,97
3,180,98
3,180,99
3,181,34
3,181,35
3,181,36
3,181,37
3,181,38
3,181,39
3,181,40
3,181,41
3,181,42
3,181,43
3,181,44
3,181,45
3,181,46
3,181,47
3,181,48
3,181,49
3,181,50
3,181,51
3,181,52
3,181,53
3,181,54
3,181,55
3,181,56
3,181,57
3,181,58
3,181,59
3,181,60
3,181,61
3,181,62
3,181,63
3,181,64
3,181,65
3,181,66
3,181,67
3,181,68
3,181,69
3,181,70
3,181,71
3,181,72
3,181,73
3,181,74
3,181,75
3,181,76
3,181,77
3,181,78
3,181,79
3,181,80
3,181,81
3,181,82
3,181,83
3,181,84
3,181,85
3,181,86
3,181,87
3,181,88
3,181,89
3,181,90
3,181,91
3,181,92
3,181,93
3,181,94
3,181,95
3,181,96
3,181,97
3,181,98
3,181,99
3,182,34
3,182,35
3,182,36
3,182,37
3,182,38
3,182,39
3,182,40
3,182,41
3,182,42
3,182,43
3,182,44
3,182,45
3,182,46
3,182,47
3,182,48
3,182,49
3,182,50
3,182,51
3,182,52
3,182,53
3,182,54
3,182,55
3,182,56
3,182,57
3,182,58
3,182,59
3,182,60
3,182,61
3,182,62
3,182,63
3,182,64
3,182,65
3,182,66
3,182,67
3,182,68
3,182,69
3,182,70
3,182,71
3,182,72
3,182,73
3,182,74
3,182,75
3,182,76
3,182,77
3,182,78
3,182,79
3,182,80
3,182,81
3,182,82
3,182,83
3,182,84
3,182,85
3,182,86
3,182,87
3,182,88
3,182,89
3,182,90
3,182,91
3,182,92
3,182,93
3,182,94
3,182,95
3,182,96
3,182,97
3,182,98
3,182,99
3,183,34
3,183,35
3,183,36
3,183,37
3,183,38
3,183,39
3,183,40
3,183,41
3,183,42
3,183,43
3,183,44
3,183,45
3,183,46
3,183,47
3,183,48
3,183,49
3,183,50
3,183,51
3,183,52
3,183,53
3,183,54
3,183,55
3,183,56
3,183,57
3,183,58
3,183,59
3,183,60
3,183,61
3,183,62
3,183,63
3,183,64
3,183,65
3,183,66
3,183,67
3,183,68
3,183,69
3,183,70
3,183,71
3,183,72
3,183,73
3,183,74
3,183,75
3,183,76
3,183,77
3,183,78
3,183,79
3,183,80
3,183,81
3,183,82
3,183,83
3,183,84
3,183,85
3,183,86
3,183,87
3,183,88
3,183,89
3,183,90
3,183,91
3,183,92
3,183,93
3,183,94
3,183,95
3,183,96
3,183,97
3,183,98
3,183,99
3,184,34
3,184,35
3,184,36
3,184,37
3,184,38
3,184,39
3,184,40
3,184,41
3,184,42
3,184,43
3,184,44
3,184,45
3,184,46
3,184,47
3,184,48
3,184,49
3,184,50
3,184,51
3,184,52
3,184,53
3,184,54
3,184,55
3,184,56
3,184,57
3,184,58
3,184,59
3,184,60
3,184,61
3,184,62
3,184,63
3,184,64
3,184,65
3,184,66
3,184,67
3,184,68
3,184,69
3,184,70
3,184,71
3,184,72
3,184,73
3,184,74
3,184,75
3,184,76
3,184,77
3,184,78
3,184,79
3,184,80
3,184,81
3,184,82
3,184,83
3,184,84
3,184,85
3,184,86
3,184,87
3,184,88
3,184,89
3,184,90
3,184,91
3,184,92
3,184,93
3,184,94
3,184,95
3,184,96
3,184,97
3,184,98
3,184,99
3,185,34
3,185,35
3,185,36
3,185,37
3,185,38
3,185,39
3,185,40
3,185,41
3,185,42
3,185,43
3,185,44
3,185,45
3,185,46
3,185,47
3,185,48
3,185,49
3,185,50
3,185,51
3,185,52
3,185,53
3,185,54
3,185,55
3,185,56
3,185,57
3,185,58
3,185,59
3,185,60
3,185,61
3,185,62
3,185,63
3,185,64
3,185,65
3,185,66
3,185,67
3,185,68
3,185,69
3,185,70
3,185,71
3,185,72
3,185,73
3,185,74
3,185,75
3,185,76
3,185,77
3,185,78
3,185,79
3,185,80
3,185,81
3,185,82
3,185,83
3,185,84
3,185,85
3,185,86
3,185,87
3,185,88
3,185,89
3,185,90
3,185,91
3,185,92
3,185,93
3,185,94
3,185,95
3,185,96
3,185,97
3,185,98
3,185,99
3,186,34
3,186,35
3,186,36
3,186,37
3,186,38
3,186,39
3,186,40
3,186,41
3,186,42
3,186,43
3,186,44
3,186,45
3,186,46
3,186,47
3,186,48
3,186,49
3,186,50
3,186,51
3,186,52
3,186,53
3,186,54
3,186,55
3,186,56
3,186,57
3,186,58
3,186,59
3,186,60
3,186,61
3,186,62
3,186,63
3,186,64
3,186,65
3,186,66
3,186,67
3,186,68
3,186,69
3,186,70
3,186,71
3,186,72
3,186,73
3,186,74
3,186,75
3,186,76
3,186,77
3,186,78
3,186,79
3,186,80
3,186,81
3,186,82
3,186,83
3,186,84
3,186,85
3,186,86
3,186,87
3,186,88
3,186,89
3,186,90
3,186,91
3,186,92
3,186,93
3,186,94
3,186,95
3,186,96
3,186,97
3,186,98
3,186,99
